-11.7167,-6.87593,1,0,0,1
-11.3153,-7.19691,1,0,0,1
-12.2263,-7.93083,1,0,0,1
-12.2284,-8.01208,1,0,0,1
-13.006,-8.39858,1,0,0,1
-11.692,-9.56754,1,0,0,1
-12.4307,-8.12707,1,0,0,1
-12.3789,-6.51899,1,0,0,1
-12.6062,-7.30846,1,0,0,1
-12.3859,-8.46152,1,0,0,1
-12.8967,-5.00759,1,0,0,1
-14.0549,-3.6187,1,0,0,1
-11.601,-7.06415,1,0,0,1
-12.9464,-7.04044,1,0,0,1
-13.7377,-6.04425,1,0,0,1
-14.631,-5.44638,1,0,0,1
-12.02,-5.73755,1,0,0,1
-13.0818,-7.25414,1,0,0,1
-13.0506,-6.75605,1,0,0,1
-13.5435,-7.52692,1,0,0,1
-11.053,-5.78459,1,0,0,1
-12.0295,-6.83149,1,0,0,1
-13.8515,-7.22847,1,0,0,1
-12.1157,-7.53816,1,0,0,1
-12.7118,-7.00644,1,0,0,1
-12.3943,-5.89392,1,0,0,1
-12.9093,-6.35473,1,0,0,1
-13.7164,-5.38661,1,0,0,1
-10.6935,-4.46767,1,0,0,1
-11.4083,-6.66256,1,0,0,1
-12.6416,-7.61785,1,0,0,1
-10.9248,-4.02488,1,0,0,1
-11.4338,-7.52634,1,0,0,1
-12.6073,-5.65598,1,0,0,1
-11.8386,-5.02187,1,0,0,1
-12.6176,-3.36844,1,0,0,1
-12.8694,-6.10728,1,0,0,1
-13.0167,-6.33718,1,0,0,1
-10.796,-5.86461,1,0,0,1
-11.5251,-5.01551,1,0,0,1
-13.1899,-6.11494,1,0,0,1
-12.5423,-6.89083,1,0,0,1
-12.8372,-5.94239,1,0,0,1
-11.4124,-5.98503,1,0,0,1
-12.2668,-5.22858,1,0,0,1
-12.3038,-4.77369,1,0,0,1
-11.3165,-6.03195,1,0,0,1
-13.2667,-3.7645,1,0,0,1
-11.3709,-5.88346,1,0,0,1
-10.6088,-6.47522,1,0,0,1
-13.6541,-7.41282,1,0,0,1
-13.9709,-9.06389,1,0,0,1
-14.4045,-6.82288,1,0,0,1
-12.2754,-7.54891,1,0,0,1
-15.0022,-7.48353,1,0,0,1
-12.9615,-7.84645,1,0,0,1
-14.8075,-7.25244,1,0,0,1
-13.2867,-6.80057,1,0,0,1
-13.0495,-6.91947,1,0,0,1
-13.8451,-7.505,1,0,0,1
-13.9824,-6.3293,1,0,0,1
-13.6439,-6.72405,1,0,0,1
-12.9366,-7.3753,1,0,0,1
-12.8774,-7.63004,1,0,0,1
-15.314,-6.84626,1,0,0,1
-14.2976,-8.52091,1,0,0,1
-14.5593,-8.11524,1,0,0,1
-13.7564,-7.02071,1,0,0,1
-13.4401,-7.03511,1,0,0,1
-12.8499,-6.04531,1,0,0,1
-13.7746,-7.60989,1,0,0,1
-13.6381,-7.3459,1,0,0,1
-13.4486,-6.36295,1,0,0,1
-12.3076,-7.54359,1,0,0,1
-13.1154,-7.2557,1,0,0,1
-13.0839,-5.99407,1,0,0,1
-12.9841,-7.13574,1,0,0,1
-13.7321,-8.62078,1,0,0,1
-12.3015,-6.52908,1,0,0,1
-12.7213,-7.94513,1,0,0,1
-13.0033,-6.61354,1,0,0,1
-12.9587,-7.01522,1,0,0,1
-12.4148,-8.58804,1,0,0,1
-12.7598,-5.84916,1,0,0,1
-13.7339,-7.09704,1,0,0,1
-14.2015,-8.03156,1,0,0,1
-12.257,-8.7428,1,0,0,1
-11.8361,-7.76702,1,0,0,1
-14.1541,-8.43719,1,0,0,1
-13.7619,-8.23314,1,0,0,1
-11.7772,-8.9366,1,0,0,1
-10.3581,-7.68084,1,0,0,1
-13.6808,-8.29478,1,0,0,1
-13.5656,-9.77631,1,0,0,1
-11.5693,-8.95141,1,0,0,1
-11.4631,-6.88319,1,0,0,1
-12.1637,-8.46362,1,0,0,1
-9.01789,-7.02868,1,0,0,1
-10.8794,-8.58826,1,0,0,1
-10.8182,-8.70541,1,0,0,1
-10.119,-7.73008,1,0,0,1
-11.1122,-7.39673,1,0,0,1
-12.4229,-8.51821,1,0,0,1
-9.85585,-6.29285,1,0,0,1
-13.1912,-9.20933,1,0,0,1
-11.689,-7.71932,1,0,0,1
-9.75432,-7.89978,1,0,0,1
-11.5646,-7.43653,1,0,0,1
-11.7875,-9.43614,1,0,0,1
-8.84994,-7.97057,1,0,0,1
-9.89591,-8.96058,1,0,0,1
-8.80896,-7.03927,1,0,0,1
-10.1439,-5.87866,1,0,0,1
-11.2389,-8.23147,1,0,0,1
-12.0107,-4.83895,1,0,0,1
-9.64599,-9.16127,1,0,0,1
-9.32354,-10.0799,1,0,0,1
-10.9344,-7.04659,1,0,0,1
-11.5472,-7.92097,1,0,0,1
-12.7889,-7.03295,1,0,0,1
-10.172,-8.61971,1,0,0,1
-10.0067,-8.48881,1,0,0,1
-9.26708,-6.38479,1,0,0,1
-10.8722,-6.82973,1,0,0,1
-11.1888,-7.24234,1,0,0,1
-10.2197,-8.16846,1,0,0,1
-8.4274,-5.38163,1,0,0,1
-9.00062,-8.99748,1,0,0,1
-8.29026,-7.05702,1,0,0,1
-8.11804,-6.56175,1,0,0,1
-7.55922,-6.93142,1,0,0,1
-9.42183,-7.29624,1,0,0,1
-8.31814,-5.9528,1,0,0,1
-9.30716,-6.36767,1,0,0,1
-9.1341,-7.31147,1,0,0,1
-10.967,-9.63495,1,0,0,1
-9.98248,-9.64295,1,0,0,1
-10.8619,-7.40888,1,0,0,1
-8.64546,-8.01774,1,0,0,1
-10.2383,-7.06015,1,0,0,1
-10.3859,-6.50712,1,0,0,1
-8.48761,-6.31454,1,0,0,1
-9.25881,-6.68407,1,0,0,1
-9.52703,-7.54197,1,0,0,1
-10.0979,-9.30804,1,0,0,1
-9.60179,-7.02786,1,0,0,1
-9.1311,-6.89262,1,0,0,1
-9.21431,-7.28988,1,0,0,1
-9.15389,-8.42271,1,0,0,1
-10.3299,-7.54352,1,0,0,1
-8.62418,-7.60442,1,0,0,1
-9.16034,-5.11313,1,0,0,1
-8.44211,-6.75335,1,0,0,1
-8.89317,-7.18836,1,0,0,1
-7.20756,-5.98449,1,0,0,1
-8.60727,-6.84748,1,0,0,1
-10.0651,-7.5741,1,0,0,1
-7.78633,-7.14824,1,0,0,1
-8.31519,-8.458,1,0,0,1
-10.4571,-8.43828,1,0,0,1
-8.52388,-6.12731,1,0,0,1
-9.22432,-4.69513,1,0,0,1
-10.1578,-4.87367,1,0,0,1
-9.42445,-4.5977,1,0,0,1
-9.43856,-4.81181,1,0,0,1
-9.66563,-6.14248,1,0,0,1
-9.78937,-5.63361,1,0,0,1
-11.5115,-5.0778,1,0,0,1
-10.6331,-4.44699,1,0,0,1
-10.9779,-4.71216,1,0,0,1
-12.2081,-3.73931,1,0,0,1
-11.7532,-5.14631,1,0,0,1
-10.7077,-3.39989,1,0,0,1
-11.5918,-3.7792,1,0,0,1
-10.2437,-3.83833,1,0,0,1
-11.798,-0.779681,1,0,0,1
-11.7226,-5.42137,1,0,0,1
-11.9328,-4.79237,1,0,0,1
-9.63293,-4.4293,1,0,0,1
-11.2059,-3.05299,1,0,0,1
-12.2293,-1.71219,1,0,0,1
-12.0121,-3.4925,1,0,0,1
-13.3512,-4.17648,1,0,0,1
-12.165,-2.89239,1,0,0,1
-9.41185,-3.70454,1,0,0,1
-10.9145,-1.26662,1,0,0,1
-12.3105,-4.36418,1,0,0,1
-11.6463,-3.84495,1,0,0,1
-12.4005,-5.54404,1,0,0,1
-11.7512,-2.3216,1,0,0,1
-13.0813,-3.35084,1,0,0,1
-11.7081,-2.20423,1,0,0,1
-12.2914,-3.3214,1,0,0,1
-12.8802,-2.66532,1,0,0,1
-12.9609,-2.78805,1,0,0,1
-14.0107,-4.93625,1,0,0,1
-12.6401,-5.11556,1,0,0,1
-13.2551,-3.56664,1,0,0,1
-11.5157,-4.37872,1,0,0,1
-12.3566,-2.85129,1,0,0,1
-14.3059,-3.9856,1,0,0,1
-12.7419,-3.7382,1,0,0,1
-11.2927,-2.10266,1,0,0,1
-12.8092,-3.85786,1,0,0,1
-11.9324,-3.11311,1,0,0,1
-10.5027,-2.83822,1,0,0,1
-10.6327,-3.2859,1,0,0,1
-12.8763,-3.13394,1,0,0,1
-11.99,-3.93508,1,0,0,1
-13.5328,-3.98707,1,0,0,1
-13.3693,6.06753,1,0,1,0
-9.02304,6.31523,1,0,1,0
-11.1838,6.93586,1,0,1,0
-8.70918,6.20966,1,0,1,0
-10.4743,6.06629,1,0,1,0
-11.8734,4.66803,1,0,1,0
-11.2184,6.03804,1,0,1,0
-9.39746,6.32754,1,0,1,0
-10.3644,5.71811,1,0,1,0
-10.688,6.3048,1,0,1,0
-11.6658,6.34069,1,0,1,0
-12.5475,5.12767,1,0,1,0
-10.5625,4.01818,1,0,1,0
-10.3581,6.15215,1,0,1,0
-11.4455,6.86754,1,0,1,0
-9.79566,4.52407,1,0,1,0
-10.2293,5.72657,1,0,1,0
-10.4607,5.18935,1,0,1,0
-12.0373,5.1057,1,0,1,0
-12.2629,4.01079,1,0,1,0
-9.61234,5.19135,1,0,1,0
-10.679,6.39422,1,0,1,0
-10.0694,7.52346,1,0,1,0
-11.2134,5.60928,1,0,1,0
-10.3574,5.92112,1,0,1,0
-13.122,6.70324,1,0,1,0
-11.4587,5.48143,1,0,1,0
-10.9896,7.06661,1,0,1,0
-10.1968,5.27846,1,0,1,0
-10.4706,4.67344,1,0,1,0
-9.89143,4.86261,1,0,1,0
-12.0119,4.12573,1,0,1,0
-10.2604,6.67772,1,0,1,0
-11.2393,5.94222,1,0,1,0
-9.70193,6.02722,1,0,1,0
-12.1059,7.98504,1,0,1,0
-10.5759,6.12022,1,0,1,0
-10.294,4.78287,1,0,1,0
-11.8665,6.31178,1,0,1,0
-10.4715,6.72092,1,0,1,0
-9.35585,7.66548,1,0,1,0
-9.56046,7.55861,1,0,1,0
-9.43535,7.94242,1,0,1,0
-8.61686,6.11418,1,0,1,0
-9.3104,7.81744,1,0,1,0
-8.70083,7.65903,1,0,1,0
-11.1844,7.36052,1,0,1,0
-8.63289,8.53105,1,0,1,0
-8.61843,7.4235,1,0,1,0
-8.72329,8.26446,1,0,1,0
-8.22968,7.08336,1,0,1,0
-9.44327,8.08855,1,0,1,0
-10.5618,8.33836,1,0,1,0
-7.23494,6.08778,1,0,1,0
-7.72841,6.80732,1,0,1,0
-6.54398,5.63809,1,0,1,0
-9.60498,9.6049,1,0,1,0
-9.46778,7.10314,1,0,1,0
-9.45486,7.63804,1,0,1,0
-8.01196,7.79079,1,0,1,0
-7.31741,6.9714,1,0,1,0
-7.97687,8.74449,1,0,1,0
-7.60929,8.30575,1,0,1,0
-7.16716,8.82213,1,0,1,0
-8.82557,8.48192,1,0,1,0
-8.65207,7.26719,1,0,1,0
-7.52607,7.52197,1,0,1,0
-7.35708,7.05336,1,0,1,0
-7.89689,8.9255,1,0,1,0
-5.52633,7.97156,1,0,1,0
-6.89516,8.6221,1,0,1,0
-8.14497,9.27004,1,0,1,0
-6.48746,8.8835,1,0,1,0
-5.9238,9.38263,1,0,1,0
-5.23633,8.10315,1,0,1,0
-7.44817,8.66254,1,0,1,0
-6.8429,7.71751,1,0,1,0
-7.15006,8.02101,1,0,1,0
-7.25065,7.26695,1,0,1,0
-7.97943,8.60363,1,0,1,0
-6.10995,6.17889,1,0,1,0
-5.95684,9.73021,1,0,1,0
-5.81393,7.75969,1,0,1,0
-5.60957,9.22062,1,0,1,0
-4.37308,8.96106,1,0,1,0
-6.54027,8.90209,1,0,1,0
-4.32935,8.911,1,0,1,0
-4.68192,6.64509,1,0,1,0
-5.59821,8.69053,1,0,1,0
-6.95656,8.45358,1,0,1,0
-4.13308,9.69104,1,0,1,0
-4.81739,5.89,1,0,1,0
-4.95976,7.53139,1,0,1,0
-4.63264,6.28274,1,0,1,0
-3.65566,7.60163,1,0,1,0
-5.39856,8.69046,1,0,1,0
-3.28967,6.73643,1,0,1,0
-3.60645,8.874,1,0,1,0
-5.14175,7.77702,1,0,1,0
-4.28175,7.72007,1,0,1,0
-4.44121,6.43273,1,0,1,0
-5.22384,6.50937,1,0,1,0
-3.81664,8.59372,1,0,1,0
-3.6138,8.41529,1,0,1,0
-4.44556,7.11536,1,0,1,0
-4.00787,6.62787,1,0,1,0
-4.18182,8.27739,1,0,1,0
-3.48806,6.98479,1,0,1,0
-2.04958,8.43442,1,0,1,0
-5.46417,7.41299,1,0,1,0
-4.03554,6.60065,1,0,1,0
-3.94604,5.97535,1,0,1,0
-3.12069,5.99174,1,0,1,0
-2.73181,6.01442,1,0,1,0
-5.50827,7.02382,1,0,1,0
-3.31879,6.723,1,0,1,0
-1.31574,7.03795,1,0,1,0
-1.99854,6.64362,1,0,1,0
-3.43631,4.53582,1,0,1,0
-4.38408,6.6554,1,0,1,0
-4.04415,5.5064,1,0,1,0
-4.8958,4.82966,1,0,1,0
-2.12969,5.12978,1,0,1,0
-1.89164,7.05996,1,0,1,0
-3.62089,5.74903,1,0,1,0
-2.18804,5.74107,1,0,1,0
-3.02135,7.37171,1,0,1,0
-3.59941,5.83673,1,0,1,0
-3.13248,5.23948,1,0,1,0
-2.83875,7.48037,1,0,1,0
-2.9392,5.82114,1,0,1,0
-4.60266,7.23593,1,0,1,0
-1.41076,6.10331,1,0,1,0
-3.2031,4.73401,1,0,1,0
-3.44608,3.02595,1,0,1,0
-2.60714,6.23061,1,0,1,0
-3.72368,5.34793,1,0,1,0
-3.10985,4.74194,1,0,1,0
-2.17736,6.02677,1,0,1,0
-4.82969,5.52774,1,0,1,0
-2.84105,4.76406,1,0,1,0
-4.01036,5.35926,1,0,1,0
-2.11807,5.52147,1,0,1,0
-4.57997,6.3188,1,0,1,0
-4.17809,4.53581,1,0,1,0
-4.32496,4.35086,1,0,1,0
-3.94511,5.46828,1,0,1,0
-3.23081,4.02025,1,0,1,0
-3.96985,4.05911,1,0,1,0
-3.51538,3.95075,1,0,1,0
-4.55595,3.2932,1,0,1,0
-5.30432,3.82083,1,0,1,0
-2.71029,4.17298,1,0,1,0
-4.71969,0.87134,1,0,1,0
-2.99368,5.55676,1,0,1,0
-4.86648,5.03649,1,0,1,0
-3.11387,3.86592,1,0,1,0
-3.82177,5.4657,1,0,1,0
-4.21415,2.88683,1,0,1,0
-4.92181,3.67841,1,0,1,0
-6.91303,5.33027,1,0,1,0
-5.67688,2.37918,1,0,1,0
-4.3484,4.43015,1,0,1,0
-2.64658,3.27942,1,0,1,0
-5.61451,3.06141,1,0,1,0
-3.78789,3.67499,1,0,1,0
-4.51969,6.19751,1,0,1,0
-3.97965,3.03967,1,0,1,0
-6.38593,3.3246,1,0,1,0
-3.02762,3.43173,1,0,1,0
-5.25345,3.43701,1,0,1,0
-6.05847,2.89097,1,0,1,0
-8.24667,5.12011,1,0,1,0
-4.79093,2.78468,1,0,1,0
-5.17664,3.64824,1,0,1,0
-5.32765,3.1875,1,0,1,0
-7.06244,4.24624,1,0,1,0
-6.78531,2.888,1,0,1,0
-5.76219,5.86774,1,0,1,0
-6.53527,3.77636,1,0,1,0
-8.38809,6.0766,1,0,1,0
-7.76719,2.69335,1,0,1,0
-6.60561,3.35188,1,0,1,0
-8.69523,4.12215,1,0,1,0
-7.43008,2.35203,1,0,1,0
-9.16776,3.0797,1,0,1,0
-7.82232,2.88435,1,0,1,0
-7.50169,3.98759,1,0,1,0
-7.79752,4.17083,1,0,1,0
-6.0876,6.48724,1,0,1,0
-6.21162,3.06676,1,0,1,0
-6.46503,3.78577,1,0,1,0
-6.88977,2.47986,1,0,1,0
-5.51456,2.10255,1,0,1,0
-4.5966,3.33036,1,0,1,0
-7.44716,4.32826,1,0,1,0
-5.9984,4.3505,1,0,1,0
-7.86792,4.47983,1,0,1,0
-7.172,4.70419,1,0,1,0
-8.14822,3.52767,1,0,1,0
-8.06201,4.13107,1,0,1,0
-6.57332,6.2953,1,0,1,0
-6.87099,4.33101,1,0,1,0
-6.02405,1.88168,1,0,1,0
-7.52979,3.13568,1,0,1,0
-6.64752,3.82739,1,0,1,0
-5.06252,5.58247,1,0,1,0
-7.00243,2.93231,1,0,1,0
-7.35283,4.6103,1,0,1,0
-7.26611,6.04487,1,0,1,0
-7.07446,2.60095,1,0,1,0
-8.34293,6.04178,1,0,1,0
-8.42512,6.50374,1,0,1,0
-7.23738,4.66414,1,0,1,0
-9.6312,5.39439,1,0,1,0
-9.41379,4.46056,1,0,1,0
-6.91211,4.83815,1,0,1,0
-8.53033,5.72449,1,0,1,0
-9.28258,4.54857,1,0,1,0
-6.09279,4.39873,1,0,1,0
-8.42534,5.74285,1,0,1,0
-7.33332,3.40731,1,0,1,0
-8.53367,5.61264,1,0,1,0
-7.20023,5.39467,1,0,1,0
-6.74567,5.09474,1,0,1,0
-7.84889,3.96541,1,0,1,0
-7.63784,6.38172,1,0,1,0
-8.62868,7.23953,1,0,1,0
-9.75252,4.27983,1,0,1,0
-7.55673,6.13856,1,0,1,0
-8.37576,5.17364,1,0,1,0
-8.21719,5.89861,1,0,1,0
-9.90561,4.74373,1,0,1,0
-7.14058,4.72291,1,0,1,0
-8.06071,5.20214,1,0,1,0
-7.90649,4.56393,1,0,1,0
-8.36988,5.44227,1,0,1,0
-7.02612,5.92324,1,0,1,0
-8.08243,3.58237,1,0,1,0
-9.08773,5.03341,1,0,1,0
-6.9139,4.77559,1,0,1,0
-9.78187,5.64088,1,0,1,0
-6.80737,6.62947,1,0,1,0
-9.11113,7.13612,1,0,1,0
-7.56238,6.86659,1,0,1,0
-8.03898,4.72537,1,0,1,0
-8.19632,5.90061,1,0,1,0
-7.6273,6.53715,1,0,1,0
-7.24009,5.11876,1,0,1,0
-9.02446,6.62302,1,0,1,0
-9.72969,6.21476,1,0,1,0
-6.97915,5.07441,1,0,1,0
-7.77159,5.58365,1,0,1,0
-6.4894,7.38479,1,0,1,0
-6.18761,6.64391,1,0,1,0
-5.81905,5.38758,1,0,1,0
-7.36489,6.96112,1,0,1,0
-8.06655,5.45827,1,0,1,0
-8.37674,4.97382,1,0,1,0
-5.00504,6.43097,1,0,1,0
-5.66955,5.22282,1,0,1,0
-5.35966,7.4877,1,0,1,0
-7.5066,6.15199,1,0,1,0
-5.50762,5.85204,1,0,1,0
-4.18144,7.35833,1,0,1,0
-3.64258,6.91934,1,0,1,0
-6.17942,7.69004,1,0,1,0
-5.58048,7.42764,1,0,1,0
-5.75094,4.25904,1,0,1,0
-6.00061,4.96539,1,0,1,0
9.64878,-0.728724,1,1,0,0
10.7564,0.113259,1,1,0,0
11.2327,-1.1272,1,1,0,0
10.7381,-0.385293,1,1,0,0
11.4105,-1.16775,1,1,0,0
10.8919,-1.12394,1,1,0,0
11.4568,0.850214,1,1,0,0
10.2249,-0.27065,1,1,0,0
11.1873,-1.63902,1,1,0,0
8.9833,-1.15294,1,1,0,0
11.2815,-2.11229,1,1,0,0
10.0703,2.35653,1,1,0,0
11.7699,-1.16362,1,1,0,0
9.57926,-0.0589663,1,1,0,0
10.5757,-2.52264,1,1,0,0
9.47406,-0.141332,1,1,0,0
10.2406,-0.964551,1,1,0,0
10.0057,0.00314592,1,1,0,0
12.0224,-1.57234,1,1,0,0
12.0744,-3.12018,1,1,0,0
12.2163,-1.25113,1,1,0,0
9.4554,-2.23649,1,1,0,0
8.86394,-0.468016,1,1,0,0
7.75688,-2.02506,1,1,0,0
9.67778,-1.05266,1,1,0,0
9.40598,0.496898,1,1,0,0
10.8215,-2.00769,1,1,0,0
10.9661,0.705319,1,1,0,0
8.82864,-2.39295,1,1,0,0
7.37345,0.226423,1,1,0,0
6.76948,-1.11966,1,1,0,0
8.14945,-1.42822,1,1,0,0
7.64571,-1.13711,1,1,0,0
9.26486,-0.255681,1,1,0,0
7.85865,-2.12507,1,1,0,0
8.73102,1.13385,1,1,0,0
8.0413,-0.681935,1,1,0,0
8.54703,-0.231019,1,1,0,0
7.55909,-1.3724,1,1,0,0
8.05838,0.769449,1,1,0,0
6.68571,-3.1106,1,1,0,0
7.48365,-0.0546112,1,1,0,0
5.78644,-2.22953,1,1,0,0
6.61469,-0.452703,1,1,0,0
5.60379,1.126,1,1,0,0
5.26272,-0.337342,1,1,0,0
8.17546,-0.467427,1,1,0,0
7.36125,-1.98922,1,1,0,0
5.13079,-1.29488,1,1,0,0
7.86326,-0.193559,1,1,0,0
6.24182,-0.32773,1,1,0,0
5.88869,-3.19791,1,1,0,0
4.8513,-0.508831,1,1,0,0
6.57889,-0.0339687,1,1,0,0
5.08296,0.996986,1,1,0,0
4.53811,-0.345283,1,1,0,0
6.78955,-1.01112,1,1,0,0
7.21379,-0.143613,1,1,0,0
5.23027,-1.62665,1,1,0,0
5.68024,-0.289958,1,1,0,0
5.6302,-2.19652,1,1,0,0
4.96225,-3.08123,1,1,0,0
5.76355,-0.72656,1,1,0,0
3.54042,-1.44993,1,1,0,0
5.55644,-1.16152,1,1,0,0
3.05061,-1.89763,1,1,0,0
4.87042,-1.72432,1,1,0,0
4.05663,-0.899584,1,1,0,0
5.80278,-1.86152,1,1,0,0
4.59685,-1.27896,1,1,0,0
3.54444,-2.04117,1,1,0,0
4.50778,-0.929806,1,1,0,0
3.99046,-2.28843,1,1,0,0
5.35848,-1.85733,1,1,0,0
2.10052,-1.55367,1,1,0,0
4.78197,-1.84821,1,1,0,0
4.14746,-0.0327648,1,1,0,0
4.10526,-0.376165,1,1,0,0
4.72898,0.0921406,1,1,0,0
3.70668,-0.618762,1,1,0,0
3.5918,-1.72046,1,1,0,0
3.63347,-0.979297,1,1,0,0
4.61168,-1.07509,1,1,0,0
3.51817,0.218983,1,1,0,0
2.02244,-2.45469,1,1,0,0
4.84503,-1.58676,1,1,0,0
2.83834,-2.0645,1,1,0,0
2.7833,-2.69819,1,1,0,0
4.28822,-2.77244,1,1,0,0
4.18614,-1.33425,1,1,0,0
3.32491,-1.77225,1,1,0,0
3.18662,-3.97734,1,1,0,0
3.25212,-0.619648,1,1,0,0
2.69386,-1.12845,1,1,0,0
4.21519,-2.32112,1,1,0,0
3.12659,-1.56433,1,1,0,0
3.79698,-2.28778,1,1,0,0
2.21963,-1.90307,1,1,0,0
3.80937,-2.50897,1,1,0,0
4.48142,-1.59829,1,1,0,0
3.60872,-2.13845,1,1,0,0
3.09867,-2.17493,1,1,0,0
1.73241,-2.76417,1,1,0,0
3.26865,-1.85687,1,1,0,0
2.61588,-2.68563,1,1,0,0
2.97778,-3.55286,1,1,0,0
3.26207,-2.40149,1,1,0,0
4.0426,-2.47342,1,1,0,0
3.41483,-2.23079,1,1,0,0
3.54989,-2.36664,1,1,0,0
3.28669,-1.78858,1,1,0,0
4.41658,-4.18672,1,1,0,0
3.58539,-2.71171,1,1,0,0
2.97786,-3.81661,1,1,0,0
3.62154,-3.98826,1,1,0,0
2.41415,-3.78559,1,1,0,0
4.03815,-3.19979,1,1,0,0
4.12184,-2.86588,1,1,0,0
2.36596,-2.64182,1,1,0,0
4.56006,-2.73485,1,1,0,0
6.4703,-3.86817,1,1,0,0
6.2485,-3.60075,1,1,0,0
4.59584,-4.3558,1,1,0,0
2.05101,-5.34107,1,1,0,0
6.44303,-5.16844,1,1,0,0
4.53058,-4.45688,1,1,0,0
4.03201,-3.64672,1,1,0,0
5.63263,-3.41088,1,1,0,0
4.33757,-5.79993,1,1,0,0
4.4707,-5.41074,1,1,0,0
6.93505,-6.84667,1,1,0,0
6.57053,-5.81048,1,1,0,0
5.93157,-6.26548,1,1,0,0
5.54127,-6.3388,1,1,0,0
5.02525,-2.72298,1,1,0,0
7.96718,-5.48834,1,1,0,0
7.09463,-6.32247,1,1,0,0
8.78248,-4.46867,1,1,0,0
6.35234,-3.64829,1,1,0,0
7.35055,-5.34528,1,1,0,0
4.75036,-6.70766,1,1,0,0
8.59931,-4.53476,1,1,0,0
7.18916,-7.65225,1,1,0,0
7.14463,-5.37941,1,1,0,0
8.68433,-5.72218,1,1,0,0
7.50109,-7.14552,1,1,0,0
7.04451,-5.28742,1,1,0,0
7.3613,-6.45039,1,1,0,0
7.6432,-5.01616,1,1,0,0
7.94165,-6.1055,1,1,0,0
9.38104,-7.74567,1,1,0,0
10.3641,-4.58494,1,1,0,0
8.84139,-5.70479,1,1,0,0
10.2048,-5.38904,1,1,0,0
9.31748,-4.77502,1,1,0,0
9.64946,-5.39385,1,1,0,0
9.71154,-6.81729,1,1,0,0
9.22875,-5.28278,1,1,0,0
9.07923,-5.86976,1,1,0,0
10.5235,-6.07086,1,1,0,0
9.66103,-4.24993,1,1,0,0
9.88595,-6.10533,1,1,0,0
9.90426,-5.29753,1,1,0,0
10.1577,-7.84172,1,1,0,0
9.02338,-6.85764,1,1,0,0
9.92328,-4.6722,1,1,0,0
10.0794,-5.01922,1,1,0,0
9.74324,-5.38753,1,1,0,0
9.71331,-5.06551,1,1,0,0
9.53342,-4.60135,1,1,0,0
9.75832,-5.04968,1,1,0,0
9.55857,-6.07406,1,1,0,0
8.98468,-3.96857,1,1,0,0
11.8903,-6.38698,1,1,0,0
9.50412,-6.41982,1,1,0,0
9.76579,-5.21206,1,1,0,0
9.31324,-5.82407,1,1,0,0
10.7626,-5.52891,1,1,0,0
11.4544,-4.67053,1,1,0,0
9.53812,-5.70317,1,1,0,0
10.6724,-4.43006,1,1,0,0
12.2016,-4.63575,1,1,0,0
11.002,-5.08414,1,1,0,0
11.7122,-6.71044,1,1,0,0
12.2313,-5.47879,1,1,0,0
11.9841,-3.32364,1,1,0,0
13.2854,-4.7078,1,1,0,0
12.1415,-4.17633,1,1,0,0
10.6994,-4.89004,1,1,0,0
8.51887,-6.12136,1,1,0,0
9.03167,-3.66048,1,1,0,0
10.1426,-4.66114,1,1,0,0
11.133,-2.59867,1,1,0,0
11.2438,-3.56755,1,1,0,0
11.4781,-3.32363,1,1,0,0
11.8593,-3.55556,1,1,0,0
9.33147,-1.95519,1,1,0,0
9.13317,-2.31055,1,1,0,0
10.2704,-3.59141,1,1,0,0
11.6285,-4.39718,1,1,0,0
11.1354,-1.22736,1,1,0,0
9.51448,-2.67344,1,1,0,0
11.0747,-0.750233,1,1,0,0
11.6226,-2.71361,1,1,0,0
8.70771,0.875552,1,1,0,0
12.7089,-2.68876,1,1,0,0
10.7105,-1.85622,1,1,0,0
12.1948,-3.41995,1,1,0,0
11.1739,-1.92675,1,1,0,0
9.93588,-0.244954,1,1,0,0
10.1302,0.824326,1,1,0,0
10.7976,-3.56002,1,1,0,0
11.8305,-0.34598,1,1,0,0
9.7784,-0.453466,1,1,0,0
10.3845,1.04123,1,1,0,0
10.1744,-1.06144,1,1,0,0
10.7812,1.67155,1,1,0,0
10.3514,0.550089,1,1,0,0
10.5629,-0.982573,1,1,0,0
10.963,-2.16523,1,1,0,0
8.91562,2.06864,1,1,0,0
9.91439,-0.79307,1,1,0,0
9.6203,-0.288634,1,1,0,0
11.4402,-1.11672,1,1,0,0
10.4879,0.0489314,1,1,0,0
10.6559,-0.688744,1,1,0,0
10.9207,0.642334,1,1,0,0
8.78049,0.789323,1,1,0,0
9.65906,-0.19346,1,1,0,0
9.23441,-1.13881,1,1,0,0
9.30369,-0.26336,1,1,0,0
9.5712,-1.13452,1,1,0,0
10.7527,0.057685,1,1,0,0
9.77284,-1.30633,1,1,0,0
10.4532,-0.186376,1,1,0,0
8.51095,-0.183556,1,1,0,0
8.95391,0.278148,1,1,0,0
10.1464,1.02168,1,1,0,0
9.87344,0.913168,1,1,0,0
10.1554,-0.162847,1,1,0,0
7.83624,0.0805316,1,1,0,0
11.1521,0.869968,1,1,0,0
10.9481,0.355708,1,1,0,0
10.5994,2.51917,1,1,0,0
8.86153,1.23455,1,1,0,0
9.49662,-1.34935,1,1,0,0
11.4167,0.404659,1,1,0,0
8.70024,-0.624425,1,1,0,0
8.57401,1.40103,1,1,0,0
10.9474,-0.000555786,1,1,0,0
9.25391,1.3888,1,1,0,0
7.51524,-0.569481,1,1,0,0
9.06204,-0.936955,1,1,0,0
9.69937,1.17054,1,1,0,0
10.7587,1.094,1,1,0,0
8.78824,-1.0231,1,1,0,0
10.3971,-1.14998,1,1,0,0
8.41951,0.846311,1,1,0,0
9.3542,0.984069,1,1,0,0
9.95747,-1.09461,1,1,0,0
10.2623,0.238944,1,1,0,0
9.29174,0.684066,1,1,0,0
8.44545,0.591217,1,1,0,0
8.47564,0.159993,1,1,0,0
8.95243,1.75668,1,1,0,0
9.15533,0.193419,1,1,0,0
10.1566,2.96766,1,1,0,0
9.72145,2.24515,1,1,0,0
8.11071,3.03288,1,1,0,0
11.571,1.95521,1,1,0,0
7.50779,1.40583,1,1,0,0
12.2479,0.649192,1,1,0,0
11.0002,0.73431,1,1,0,0
10.1146,0.426675,1,1,0,0
9.53073,0.333816,1,1,0,0
7.80981,1.08497,1,1,0,0
10.588,0.912117,1,1,0,0
8.50694,1.83668,1,1,0,0
10.6334,1.49344,1,1,0,0
8.71887,0.928854,1,1,0,0
11.7427,2.91002,1,1,0,0
11.1223,2.37245,1,1,0,0
10.7198,3.5725,1,1,0,0
10.1839,0.97669,1,1,0,0
10.8126,2.6763,1,1,0,0
10.6083,0.84655,1,1,0,0
11.621,1.22725,1,1,0,0
11.4143,2.10052,1,1,0,0
9.90752,2.78783,1,1,0,0
9.60179,1.2717,1,1,0,0
11.25,3.90992,1,1,0,0
10.9218,4.06102,1,1,0,0
11.1708,1.38288,1,1,0,0
11.7957,4.37938,1,1,0,0
10.5847,2.76055,1,1,0,0
10.6159,1.28038,1,1,0,0
9.52696,3.28063,1,1,0,0
10.8169,1.55655,1,1,0,0
11.5302,2.397,1,1,0,0
12.2539,0.954188,1,1,0,0
11.2508,1.08653,1,1,0,0
10.6213,3.54435,1,1,0,0
11.1981,2.72326,1,1,0,0
14.8569,4.56908,1,1,0,0
11.4917,2.46855,1,1,0,0
10.7986,4.15403,1,1,0,0
11.8204,3.77596,1,1,0,0
12.1526,2.81794,1,1,0,0
13.0356,3.06506,1,1,0,0
10.1147,3.4902,1,1,0,0
12.2965,3.15869,1,1,0,0
10.9958,3.84194,1,1,0,0
12.8987,4.66408,1,1,0,0
11.8789,3.62197,1,1,0,0
11.9762,4.09161,1,1,0,0
11.9346,4.8374,1,1,0,0
8.45757,3.48825,1,1,0,0
11.6808,4.32252,1,1,0,0
11.0276,5.8201,1,1,0,0
10.8312,4.07625,1,1,0,0
11.4338,1.11148,1,1,0,0
11.8463,2.44175,1,1,0,0
10.0121,2.31881,1,1,0,0
10.8169,3.97399,1,1,0,0
11.0648,4.15822,1,1,0,0
11.2799,3.4611,1,1,0,0
8.65437,2.59003,1,1,0,0
12.3758,3.09977,1,1,0,0
11.5225,3.97145,1,1,0,0
12.3952,3.80863,1,1,0,0
6.16632,1.01863,1,1,0,0
9.31483,1.46215,1,1,0,0
6.43347,2.33873,1,1,0,0
8.25304,2.28632,1,1,0,0
6.06799,1.0391,1,1,0,0
7.59751,2.068,1,1,0,0
8.13153,0.431073,1,1,0,0
8.62743,1.29551,1,1,0,0
7.00119,1.81346,1,1,0,0
5.67618,0.848866,1,1,0,0
7.09021,2.47192,1,1,0,0
6.70849,1.34389,1,1,0,0
7.02534,2.52629,1,1,0,0
6.34881,2.32478,1,1,0,0
7.02236,1.7105,1,1,0,0
7.27969,-0.245492,1,1,0,0
6.22256,1.34736,1,1,0,0
8.57056,1.45817,1,1,0,0
7.51848,1.15419,1,1,0,0
8.7157,1.46478,1,1,0,0
5.80731,1.21261,1,1,0,0
6.81628,3.20102,1,1,0,0
5.72426,0.857243,1,1,0,0
8.09343,1.4395,1,1,0,0
8.19088,-1.02351,1,1,0,0
6.3656,1.13985,1,1,0,0
7.79427,0.852923,1,1,0,0
7.74732,1.96754,1,1,0,0
8.42329,3.27884,1,1,0,0
8.39407,1.37833,1,1,0,0
8.86351,-3.06778,1,1,0,0
7.18451,-3.02632,1,1,0,0
8.48641,-2.96153,1,1,0,0
6.5114,-1.07803,1,1,0,0
9.35237,-3.43829,1,1,0,0
7.04659,-2.13964,1,1,0,0
5.70761,-3.88348,1,1,0,0
7.69199,-1.91261,1,1,0,0
8.50688,-2.77899,1,1,0,0
7.41712,-1.21651,1,1,0,0
8.48032,-3.89879,1,1,0,0
8.43858,-3.00003,1,1,0,0
8.70396,-3.05202,1,1,0,0
9.48176,-1.65758,1,1,0,0
6.17568,-2.9157,1,1,0,0
7.83636,-2.43205,1,1,0,0
7.82254,-2.45897,1,1,0,0
5.95623,-2.98529,1,1,0,0
8.05018,-2.03054,1,1,0,0
6.40239,-2.83426,1,1,0,0
8.33842,-2.1293,1,1,0,0
7.84766,-3.16207,1,1,0,0
9.31689,-2.66055,1,1,0,0
8.17751,-2.09209,1,1,0,0
7.55148,-2.31867,1,1,0,0
7.4629,-2.13026,1,1,0,0
8.93546,-2.19007,1,1,0,0
7.02392,-2.3267,1,1,0,0
6.22152,-1.51002,1,1,0,0
7.28626,-2.93756,1,1,0,0
6.3056,-2.65911,1,1,0,0
8.02214,-2.78877,1,1,0,0
8.21627,-2.87937,1,1,0,0
5.9211,-2.04143,1,1,0,0
7.43682,-3.94718,1,1,0,0
8.37979,-2.75131,1,1,0,0
7.95765,-3.74756,1,1,0,0
8.55017,-4.15236,1,1,0,0
8.84761,-3.79016,1,1,0,0
7.04264,-3.80785,1,1,0,0
8.17887,-2.36414,1,1,0,0
7.36478,-3.72511,1,1,0,0
9.14068,-5.28443,1,1,0,0
8.10537,-3.88485,1,1,0,0
8.55067,-2.72284,1,1,0,0
8.47399,-3.05086,1,1,0,0
9.84773,-2.93064,1,1,0,0
8.87685,-6.36693,1,1,0,0
7.1601,-3.50572,1,1,0,0
9.14609,-4.08499,1,1,0,0
9.11171,-4.55932,1,1,0,0
9.85552,-4.66895,1,1,0,0
8.0815,-3.43507,1,1,0,0
8.65539,-4.1043,1,1,0,0
11.8309,-5.2395,1,1,0,0
9.56557,-4.76253,1,1,0,0
10.6976,-3.53804,1,1,0,0
10.2779,-5.19149,1,1,0,0
10.9664,-4.37094,1,1,0,0
8.86118,-4.65991,1,1,0,0
9.42319,-6.3342,1,1,0,0
11.8409,-5.44416,1,1,0,0
12.5853,-4.99944,1,1,0,0
12.3047,-7.29879,1,1,0,0
10.9482,-4.73898,1,1,0,0
10.5896,-6.09528,1,1,0,0
11.3397,-4.97359,1,1,0,0
11.7375,-5.85568,1,1,0,0
10.1225,-5.07571,1,1,0,0
11.8772,-7.23902,1,1,0,0
10.6882,-4.64434,1,1,0,0
11.4515,-7.12451,1,1,0,0
10.6646,-6.22429,1,1,0,0
11.2727,-4.95285,1,1,0,0
11.1566,-4.41105,1,1,0,0
12.234,-1.92832,1,1,0,0
11.946,-4.61702,1,1,0,0
10.1929,-5.59211,1,1,0,0
10.7346,-6.20472,1,1,0,0
12.1445,-5.50323,1,1,0,0
-8.66478,-7.98405,1,0,0,1
-8.61904,-6.12342,1,0,0,1
-9.76674,-6.05591,1,0,0,1
-8.91121,-6.76243,1,0,0,1
-8.71603,-8.63678,1,0,0,1
-10.4263,-6.44424,1,0,0,1
-9.82429,-6.69477,1,0,0,1
-11.2392,-8.20935,1,0,0,1
-9.94255,-6.84489,1,0,0,1
-9.17918,-8.05387,1,0,0,1
-10.2542,-5.53027,1,0,0,1
-8.82257,-7.30091,1,0,0,1
-10.5312,-5.58039,1,0,0,1
-10.5822,-6.89804,1,0,0,1
-9.10128,-8.5669,1,0,0,1
-9.47803,-4.55183,1,0,0,1
-7.5695,-8.29464,1,0,0,1
-9.11425,-6.90379,1,0,0,1
-11.1019,-6.50319,1,0,0,1
-9.12137,-6.32377,1,0,0,1
-9.06604,-7.60877,1,0,0,1
-10.3977,-5.68626,1,0,0,1
-11.2522,-8.11176,1,0,0,1
-11.1532,-5.08498,1,0,0,1
-10.4073,-7.20487,1,0,0,1
-10.6003,-5.51773,1,0,0,1
-8.71242,-6.22589,1,0,0,1
-8.79063,-6.21853,1,0,0,1
-10.3986,-7.85171,1,0,0,1
-10.1251,-7.16555,1,0,0,1
-10.8493,-5.80428,1,0,0,1
-9.48298,-5.98305,1,0,0,1
-9.58808,-5.56411,1,0,0,1
-9.07568,-4.19779,1,0,0,1
-10.3885,-4.81085,1,0,0,1
-7.9675,-6.41882,1,0,0,1
-10.4867,-5.11927,1,0,0,1
-10.8076,-6.13283,1,0,0,1
-11.5421,-4.23241,1,0,0,1
-10.1474,-6.1917,1,0,0,1
-10.0456,-5.43311,1,0,0,1
-11,-4.72235,1,0,0,1
-8.01499,-5.01174,1,0,0,1
-9.60294,-5.28888,1,0,0,1
-11.2655,-3.6383,1,0,0,1
-8.75418,-2.67957,1,0,0,1
-10.3449,-6.67702,1,0,0,1
-10.5379,-5.38779,1,0,0,1
-11.5845,-6.28635,1,0,0,1
-9.99784,-4.79696,1,0,0,1
-8.36662,-5.11249,1,0,0,1
-7.29498,-4.88676,1,0,0,1
-9.35818,-5.22564,1,0,0,1
-8.53924,-5.29637,1,0,0,1
-8.68403,-4.2661,1,0,0,1
-8.38383,-4.88527,1,0,0,1
-10.5735,-5.24813,1,0,0,1
-7.415,-4.9573,1,0,0,1
-8.50339,-5.58592,1,0,0,1
-10.0389,-5.25291,1,0,0,1
-6.91525,-5.63034,1,0,0,1
-6.90179,-5.10097,1,0,0,1
-6.96305,-7.14216,1,0,0,1
-5.45785,-6.56012,1,0,0,1
-7.17433,-5.77109,1,0,0,1
-6.85704,-3.90652,1,0,0,1
-6.72851,-6.74704,1,0,0,1
-6.86166,-5.52438,1,0,0,1
-5.62976,-6.13393,1,0,0,1
-9.35475,-6.72957,1,0,0,1
-5.29426,-5.97686,1,0,0,1
-4.74098,-3.77857,1,0,0,1
-5.75344,-5.31638,1,0,0,1
-6.74032,-5.50013,1,0,0,1
-6.75656,-3.23608,1,0,0,1
-6.33217,-6.07968,1,0,0,1
-5.48524,-5.52538,1,0,0,1
-5.5173,-6.04612,1,0,0,1
-5.94577,-5.29633,1,0,0,1
-6.73965,-4.85539,1,0,0,1
-5.56907,-6.49247,1,0,0,1
-4.62725,-7.13547,1,0,0,1
-6.25291,-8.87564,1,0,0,1
-6.78452,-6.98299,1,0,0,1
-6.17799,-7.48279,1,0,0,1
-6.48439,-7.03797,1,0,0,1
-5.32583,-7.74194,1,0,0,1
-4.53235,-7.04532,1,0,0,1
-5.54404,-6.74071,1,0,0,1
-4.03602,-7.03526,1,0,0,1
-5.67308,-8.0749,1,0,0,1
-5.65142,-7.2623,1,0,0,1
-5.5862,-8.79719,1,0,0,1
-4.79558,-8.867,1,0,0,1
-3.76627,-8.78303,1,0,0,1
-4.37133,-9.06768,1,0,0,1
-4.82555,-8.61156,1,0,0,1
-3.73271,-6.78545,1,0,0,1
-5.03422,-6.84354,1,0,0,1
-4.15739,-9.56506,1,0,0,1
-6.02482,-7.77109,1,0,0,1
-5.40405,-9.71783,1,0,0,1
-6.7901,-10.6824,1,0,0,1
-4.50981,-8.36214,1,0,0,1
-5.14746,-8.72463,1,0,0,1
-3.56001,-10.0394,1,0,0,1
-5.12715,-9.05261,1,0,0,1
-3.48002,-8.15638,1,0,0,1
-3.86384,-9.10535,1,0,0,1
-5.23163,-9.62293,1,0,0,1
-5.82487,-10.2896,1,0,0,1
-6.28725,-8.05063,1,0,0,1
-4.3352,-8.16868,1,0,0,1
-4.87184,-9.10834,1,0,0,1
-5.18501,-9.84999,1,0,0,1
-6.72708,-9.25204,1,0,0,1
-3.76536,-10.5463,1,0,0,1
-4.79868,-9.96219,1,0,0,1
-7.01861,-10.6024,1,0,0,1
-4.58575,-8.16943,1,0,0,1
-5.35687,-9.47574,1,0,0,1
-6.61084,-10.6285,1,0,0,1
-6.6947,-7.7752,1,0,0,1
-5.29703,-10.101,1,0,0,1
-5.71331,-10.8708,1,0,0,1
-8.27867,-10.205,1,0,0,1
-6.96705,-10.4442,1,0,0,1
-7.03276,-10.5594,1,0,0,1
-9.01573,-9.33987,1,0,0,1
-6.242,-10.4645,1,0,0,1
-9.79087,-10.0274,1,0,0,1
-6.60327,-9.94058,1,0,0,1
-8.81823,-11.5111,1,0,0,1
-8.11385,-9.37968,1,0,0,1
-8.84716,-10.5904,1,0,0,1
-7.99986,-9.9039,1,0,0,1
-8.35844,-10.7399,1,0,0,1
-9.62896,-10.3115,1,0,0,1
-8.62121,-10.7411,1,0,0,1
-5.7169,-10.881,1,0,0,1
-11.135,-8.88256,1,0,0,1
-8.71878,-8.67474,1,0,0,1
-11.373,-10.1198,1,0,0,1
-9.68307,-9.18581,1,0,0,1
-10.4315,-8.32313,1,0,0,1
-13.0816,-7.65079,1,0,0,1
-11.27,-8.24209,1,0,0,1
-9.28079,-9.65004,1,0,0,1
-11.0025,-9.41698,1,0,0,1
-10.6186,-8.88756,1,0,0,1
-12.2612,-8.39504,1,0,0,1
-12.6534,-9.30871,1,0,0,1
-11.0054,-10.1155,1,0,0,1
-10.5048,-7.15839,1,0,0,1
-10.9613,-10.4914,1,0,0,1
-12.5005,-9.6401,1,0,0,1
-12.0105,-9.44874,1,0,0,1
-10.2993,-6.89627,1,0,0,1
-10.2158,-11.1673,1,0,0,1
-10.8374,-9.88318,1,0,0,1
-11.8247,-6.32026,1,0,0,1
-13.0179,-5.33106,1,0,0,1
-11.7983,-3.93465,1,0,0,1
-12.785,-5.87497,1,0,0,1
-11.1775,-5.86653,1,0,0,1
-12.2551,-2.98269,1,0,0,1
-14.185,-5.50025,1,0,0,1
-13.3671,-4.80933,1,0,0,1
-14.1165,-4.99048,1,0,0,1
-13.1975,-5.31352,1,0,0,1
-13.3518,-4.08646,1,0,0,1
-12.8758,-4.02416,1,0,0,1
-12.3989,-6.39582,1,0,0,1
-12.0463,-3.60745,1,0,0,1
-12.2514,-3.99169,1,0,0,1
-11.333,-3.1499,1,0,0,1
-12.9744,-4.63406,1,0,0,1
-11.7082,-5.05793,1,0,0,1
-13.6523,-3.78777,1,0,0,1
-12.7231,-3.69712,1,0,0,1
-11.3692,-5.15889,1,0,0,1
-11.9057,-4.87352,1,0,0,1
-13.3008,-3.05506,1,0,0,1
-11.3491,-5.71045,1,0,0,1
-13.4778,-4.47546,1,0,0,1
-11.5393,-2.61988,1,0,0,1
-13.2096,-5.20595,1,0,0,1
-13.8178,-5.8219,1,0,0,1
-13.2351,-4.91909,1,0,0,1
-13.6592,-5.43845,1,0,0,1
-12.2973,-2.76226,1,0,0,1
-14.5286,-5.85727,1,0,0,1
-12.9703,-3.38481,1,0,0,1
-12.7625,-4.80743,1,0,0,1
-12.0078,-5.11061,1,0,0,1
-12.0235,-5.00417,1,0,0,1
-11.4389,-4.28884,1,0,0,1
-11.9383,-4.1675,1,0,0,1
-13.2457,-4.63384,1,0,0,1
-13.6657,-5.02221,1,0,0,1
-3.25343,6.34246,1,0,1,0
-3.49881,5.99145,1,0,1,0
-3.66066,7.44314,1,0,1,0
-5.0504,7.93437,1,0,1,0
-4.31276,7.37471,1,0,1,0
-2.07119,5.67029,1,0,1,0
-2.31586,7.54072,1,0,1,0
-3.26624,7.2525,1,0,1,0
-4.59324,7.12819,1,0,1,0
-2.74104,6.19815,1,0,1,0
-4.23755,7.44768,1,0,1,0
-2.97392,6.25489,1,0,1,0
-2.48621,5.72472,1,0,1,0
-4.56573,5.66743,1,0,1,0
-3.52336,7.25218,1,0,1,0
-3.26596,7.45182,1,0,1,0
-4.08414,6.03744,1,0,1,0
-2.91181,6.99502,1,0,1,0
-4.74423,5.39799,1,0,1,0
-4.54276,7.87521,1,0,1,0
-4.66684,7.97829,1,0,1,0
-3.5008,6.03718,1,0,1,0
-3.90449,8.13892,1,0,1,0
-3.88411,7.45811,1,0,1,0
-4.19821,7.44969,1,0,1,0
-3.45608,7.93692,1,0,1,0
-2.63154,7.47354,1,0,1,0
-4.51196,8.62882,1,0,1,0
-4.17801,7.7817,1,0,1,0
-4.24197,9.09411,1,0,1,0
-3.08761,8.44076,1,0,1,0
-3.46256,9.96225,1,0,1,0
-5.3001,7.34235,1,0,1,0
-3.7674,8.16676,1,0,1,0
-4.15368,8.64006,1,0,1,0
-3.80716,9.59331,1,0,1,0
-2.53103,7.33234,1,0,1,0
-3.9654,7.06703,1,0,1,0
-4.49977,8.22009,1,0,1,0
-4.92591,9.09435,1,0,1,0
-3.55634,7.71673,1,0,1,0
-4.79449,8.42696,1,0,1,0
-4.23688,7.90065,1,0,1,0
-2.66627,8.84306,1,0,1,0
-2.69213,7.45938,1,0,1,0
-3.30933,10.8986,1,0,1,0
-3.33576,8.70742,1,0,1,0
-2.38352,8.82425,1,0,1,0
-5.09883,8.2096,1,0,1,0
-2.32984,9.29239,1,0,1,0
-5.52593,8.13196,1,0,1,0
-3.33991,10.6497,1,0,1,0
-2.72362,7.81632,1,0,1,0
-3.87817,10.2103,1,0,1,0
-3.31112,7.29701,1,0,1,0
-4.57834,10.9842,1,0,1,0
-2.96075,9.0836,1,0,1,0
-3.27629,9.92396,1,0,1,0
-5.48083,10.7409,1,0,1,0
-3.7117,10.8458,1,0,1,0
-5.57808,10.7289,1,0,1,0
-5.9146,9.66321,1,0,1,0
-7.39917,10.3885,1,0,1,0
-4.27605,10.6842,1,0,1,0
-5.52549,9.78808,1,0,1,0
-5.89382,8.21403,1,0,1,0
-5.06169,10.0911,1,0,1,0
-4.515,9.58009,1,0,1,0
-5.36582,7.96729,1,0,1,0
-4.25288,10.4487,1,0,1,0
-7.69505,10.3707,1,0,1,0
-5.89374,9.78603,1,0,1,0
-6.80921,10.5551,1,0,1,0
-7.15047,10.4391,1,0,1,0
-7.47383,8.62335,1,0,1,0
-7.27988,12.2576,1,0,1,0
-5.83547,10.4319,1,0,1,0
-6.40844,11.2443,1,0,1,0
-5.95841,8.94209,1,0,1,0
-6.39977,9.35355,1,0,1,0
-7.20821,9.97963,1,0,1,0
-9.5324,9.14007,1,0,1,0
-8.23722,9.00598,1,0,1,0
-7.63093,11.3107,1,0,1,0
-5.08341,9.87449,1,0,1,0
-7.10599,9.8037,1,0,1,0
-9.03712,9.71544,1,0,1,0
-9.08549,10.8759,1,0,1,0
-8.79522,9.27148,1,0,1,0
-10.903,7.53287,1,0,1,0
-9.68715,9.91358,1,0,1,0
-6.4575,9.23423,1,0,1,0
-9.42548,9.93596,1,0,1,0
-7.43085,9.99419,1,0,1,0
-8.00543,11.3784,1,0,1,0
-7.91657,9.4048,1,0,1,0
-6.77317,8.89155,1,0,1,0
-6.72462,10.6186,1,0,1,0
-7.20089,9.73003,1,0,1,0
-9.35389,9.00254,1,0,1,0
-8.75031,10.203,1,0,1,0
-9.65773,8.06371,1,0,1,0
-9.23079,9.65041,1,0,1,0
-9.37436,8.51185,1,0,1,0
-9.86264,10.4841,1,0,1,0
-10.5022,10.6855,1,0,1,0
-8.13526,9.22087,1,0,1,0
-9.87579,10.3763,1,0,1,0
-8.69546,9.38196,1,0,1,0
-8.0185,10.0132,1,0,1,0
-1.26406,9.22458,1,0,1,0
2.5547,9.70819,1,0,1,0
-0.328221,9.60895,1,0,1,0
1.29999,8.32981,1,0,1,0
-0.340151,9.68204,1,0,1,0
-1.49029,9.60757,1,0,1,0
-0.412633,8.64602,1,0,1,0
0.195331,9.60098,1,0,1,0
1.46062,8.38429,1,0,1,0
0.757619,8.19113,1,0,1,0
-1.06694,6.8392,1,0,1,0
0.771306,8.01205,1,0,1,0
0.786476,10.0983,1,0,1,0
-0.548215,9.01554,1,0,1,0
-0.243454,9.94756,1,0,1,0
-0.17267,8.73286,1,0,1,0
-2.7428,10.1635,1,0,1,0
-1.39305,8.98573,1,0,1,0
1.40264,8.01863,1,0,1,0
0.419286,9.29379,1,0,1,0
-0.0874058,7.03542,1,0,1,0
-1.27633,8.86493,1,0,1,0
0.24238,9.89605,1,0,1,0
-1.08386,9.88665,1,0,1,0
-0.772201,8.07205,1,0,1,0
-1.68345,8.45663,1,0,1,0
-0.854009,8.6563,1,0,1,0
0.115323,9.64966,1,0,1,0
0.812622,7.70583,1,0,1,0
-1.50113,10.2886,1,0,1,0
-0.452919,8.90905,1,0,1,0
-0.475921,10.3114,1,0,1,0
-0.18314,10.3627,1,0,1,0
-0.512745,10.5032,1,0,1,0
-2.68948,8.79691,1,0,1,0
0.122734,10.3509,1,0,1,0
-1.76613,9.65041,1,0,1,0
-2.74577,7.89403,1,0,1,0
-1.43261,9.92636,1,0,1,0
-0.998422,9.5597,1,0,1,0
-1.74204,10.1664,1,0,1,0
-1.22796,10.1112,1,0,1,0
-2.30165,8.79049,1,0,1,0
-1.40216,11.6315,1,0,1,0
-1.22613,10.3732,1,0,1,0
-2.66815,11.9212,1,0,1,0
-1.37741,9.00792,1,0,1,0
-4.1978,11.0887,1,0,1,0
-2.28686,10.2516,1,0,1,0
-3.22937,11.1931,1,0,1,0
-4.05107,9.06367,1,0,1,0
-4.14816,10.3993,1,0,1,0
-5.17807,9.90498,1,0,1,0
-5.19566,10.6371,1,0,1,0
-4.33824,10.2629,1,0,1,0
-4.87909,11.1902,1,0,1,0
-4.11536,9.89393,1,0,1,0
-4.062,11.1269,1,0,1,0
-5.09271,13.3996,1,0,1,0
-4.91879,13.2539,1,0,1,0
-5.22177,11.4632,1,0,1,0
-6.84113,12.3384,1,0,1,0
-5.7902,11.198,1,0,1,0
-5.90696,10.4205,1,0,1,0
-4.93673,9.96059,1,0,1,0
-5.38737,11.8456,1,0,1,0
-4.68744,10.8329,1,0,1,0
-6.61193,9.66164,1,0,1,0
-7.24014,11.1934,1,0,1,0
-6.58922,10.0591,1,0,1,0
-6.18881,9.15701,1,0,1,0
-6.13453,11.51,1,0,1,0
-6.58209,10.5775,1,0,1,0
-7.53029,8.87783,1,0,1,0
-6.68299,10.7092,1,0,1,0
-8.59541,10.263,1,0,1,0
-4.79387,10.452,1,0,1,0
-5.50453,9.98138,1,0,1,0
-5.21107,10.78,1,0,1,0
-6.03005,9.57362,1,0,1,0
-7.74259,11.6363,1,0,1,0
-7.94731,8.74506,1,0,1,0
-7.73177,12.5349,1,0,1,0
-7.7461,13.1285,1,0,1,0
-9.32359,11.6547,1,0,1,0
-5.48664,10.9483,1,0,1,0
-6.6013,9.69655,1,0,1,0
-6.08003,9.7043,1,0,1,0
-7.61257,9.8053,1,0,1,0
-6.56735,10.8292,1,0,1,0
-8.13066,9.19895,1,0,1,0
-9.55996,7.30515,1,0,1,0
-6.56893,11.0506,1,0,1,0
-8.15405,9.47198,1,0,1,0
-9.48747,10.7814,1,0,1,0
-8.36398,10.8953,1,0,1,0
-7.25781,9.4664,1,0,1,0
-8.15721,9.9074,1,0,1,0
-7.2722,9.73153,1,0,1,0
-6.36712,10.3197,1,0,1,0
-7.60751,9.15093,1,0,1,0
-9.17863,8.24423,1,0,1,0
-10.8882,10.4001,1,0,1,0
-8.87303,10.1998,1,0,1,0
-8.38809,8.98736,1,0,1,0
-8.30278,7.92594,1,0,1,0
-9.87386,7.00227,1,0,1,0
-9.32641,8.21002,1,0,1,0
-10.377,9.29965,1,0,1,0
-11.0779,7.91699,1,0,1,0
-9.91946,7.67993,1,0,1,0
-10.5674,9.84611,1,0,1,0
-10.4118,8.5157,1,0,1,0
-10.9441,8.27255,1,0,1,0
-8.66874,10.5714,1,0,1,0
-9.10147,7.96546,1,0,1,0
-9.13333,7.39954,1,0,1,0
-10.4169,9.36399,1,0,1,0
-9.28925,8.54157,1,0,1,0
-10.0156,7.44854,1,0,1,0
-10.6819,9.4622,1,0,1,0
-11.2109,8.89708,1,0,1,0
-10.3272,7.60733,1,0,1,0
-10.6719,7.19942,1,0,1,0
-9.07683,9.93428,1,0,1,0
-9.08067,8.1897,1,0,1,0
-10.5582,7.66878,1,0,1,0
-12.0358,9.6647,1,0,1,0
-12.6784,9.99598,1,0,1,0
-10.0133,7.99879,1,0,1,0
-11.3087,9.65104,1,0,1,0
-11.1221,10.1092,1,0,1,0
-9.44201,10.2143,1,0,1,0
-12.1628,9.02846,1,0,1,0
-11.9321,6.06551,1,0,1,0
-12.5211,8.3223,1,0,1,0
-11.3303,7.75768,1,0,1,0
-10.313,7.99983,1,0,1,0
-10.3092,8.12435,1,0,1,0
-10.0206,6.99244,1,0,1,0
-11.1949,9.56677,1,0,1,0
-11.7618,8.64794,1,0,1,0
-11.2047,5.78793,1,0,1,0
-13.463,7.34776,1,0,1,0
-13.8872,8.41978,1,0,1,0
-12.7486,7.75244,1,0,1,0
-13.4423,7.32169,1,0,1,0
-13.3561,7.7832,1,0,1,0
-11.7812,10.0401,1,0,1,0
-12.5089,7.42949,1,0,1,0
-11.4592,8.74223,1,0,1,0
-12.04,7.58818,1,0,1,0
-12.7551,7.71988,1,0,1,0
-11.9938,8.27816,1,0,1,0
-14.3759,10.0262,1,0,1,0
-13.7622,10.7767,1,0,1,0
-11.4471,9.49625,1,0,1,0
-11.8978,7.10848,1,0,1,0
-13.4166,8.69537,1,0,1,0
-12.4791,7.63049,1,0,1,0
-11.9445,1.07115,1,0,1,0
-10.107,1.51443,1,0,1,0
-8.55475,0.522133,1,0,0,1
-6.28433,0.981726,1,0,1,0
-1.93735,-1.61326,1,0,0,1
-2.23958,-3.66725,1,0,0,1
0.189875,-7.5152,1,1,0,0
-0.822021,-5.00433,1,0,0,1
0.666925,0.464443,1,0,1,0
0.35557,2.34116,1,0,1,0
2.99987,4.23521,1,1,0,0
3.55369,4.48489,1,1,0,0
3.90476,6.63192,1,1,0,0
5.45781,6.2886,1,1,0,0
4.61047,6.51462,1,1,0,0
5.34105,9.20152,1,1,0,0
8.23287,9.45057,1,1,0,0
9.07388,11.1024,1,1,0,0
10.0731,9.8778,1,1,0,0
12.8866,8.95105,1,1,0,0
13.9291,7.43004,1,1,0,0
13.1413,8.16053,1,1,0,0
6.46895,9.28348,1,1,0,0
8.80603,7.42232,1,1,0,0
7.12438,3.54711,1,1,0,0
4.40795,5.82937,1,1,0,0
5.46806,3.45479,1,1,0,0
6.93472,6.08926,1,1,0,0
1.2331,1.65337,1,1,0,0
0.16223,3.33282,1,0,1,0
-14.7116,2.71825,1,0,1,0
-13.6333,3.39937,1,0,1,0
-12.7466,3.59333,1,0,1,0
-11.7947,2.42642,1,0,1,0
-14.996,1.74125,1,0,1,0
-14.134,1.06411,1,0,1,0
-14.9298,2.13355,1,0,1,0
-12.3005,2.02962,1,0,1,0
-11.8202,-3.48079,1,0,0,1
-12.0844,-3.5076,1,0,0,1
-12.4516,-2.88368,1,0,0,1
-12.5626,-3.35365,1,0,0,1
-11.3428,-2.63899,1,0,0,1
-12.8661,-3.12284,1,0,0,1
-3.52278,-1.96836,1,0,0,1
-3.46816,-3.72568,1,0,0,1
-1.89909,-8.51752,1,0,0,1
-2.71007,-9.74248,1,0,0,1
-1.6171,-5.97262,1,0,0,1
-2.09325,-10.7344,1,0,0,1
-1.60194,-7.98719,1,0,0,1
-1.62368,-6.70088,1,0,0,1
-5.54348,-2.89785,1,0,0,1
-6.41687,-0.838922,1,0,0,1
-11.592,-1.37798,1,0,0,1
-11.9626,-0.05438,1,0,0,1
-14.8443,-1.0492,1,0,0,1
-12.2105,1.08311,1,0,1,0
3.92216,-11.124,1,1,0,0
4.45201,-9.31979,1,1,0,0
3.51862,-9.0737,1,1,0,0
4.70302,-10.7276,1,1,0,0
2.80704,-9.59022,1,1,0,0
2.44388,-8.06953,1,1,0,0
3.36707,-9.36812,1,1,0,0
2.1029,-8.09548,1,1,0,0
1.73055,-7.23804,1,1,0,0
2.02833,-7.84211,1,1,0,0
2.36022,-8.68152,1,1,0,0
2.5218,-5.99436,1,1,0,0
-1.43551,-10.322,1,0,0,1
0.0534859,-9.57159,1,1,0,0
0.541538,-3.60881,1,1,0,0
0.285759,-6.64422,1,1,0,0
-0.182177,-6.36512,1,1,0,0
-1.3048,-5.15876,1,0,0,1
0.31588,-0.877065,1,0,1,0
-0.260935,-0.984276,1,0,1,0
-4.70275,-0.515298,1,0,0,1
-2.93766,0.0362502,1,0,0,1
10.1108,2.39503,1,1,0,0
10.7497,1.78539,1,1,0,0
11.1615,0.995037,1,1,0,0
12.9161,1.02919,1,1,0,0
10.3982,0.900589,1,1,0,0
11.8743,0.917945,1,1,0,0
12.3825,-0.0636969,1,1,0,0
10.5672,-0.514946,1,1,0,0
12.0047,-0.249389,1,1,0,0
11.0945,0.10994,1,1,0,0
10.0633,0.730411,1,1,0,0
10.7526,1.35326,1,1,0,0
10.826,0.192139,1,1,0,0
10.5942,-0.503042,1,1,0,0
9.95448,-1.93492,1,1,0,0
11.4463,-1.79994,1,1,0,0
10.6375,-0.589733,1,1,0,0
11.0057,-2.56546,1,1,0,0
10.8267,-2.21829,1,1,0,0
10.1613,-0.51108,1,1,0,0
12.0634,-2.72028,1,1,0,0
13.1873,-2.03955,1,1,0,0
12.3738,-3.6554,1,1,0,0
12.6195,-3.50279,1,1,0,0
13.4729,-5.17248,1,1,0,0
14.5055,-4.35467,1,1,0,0
13.8502,-6.2172,1,1,0,0
14.7628,-5.11267,1,1,0,0
12.7467,-5.5361,1,1,0,0
14.5551,-3.61354,1,1,0,0
13.6674,-4.62429,1,1,0,0
14.4996,-4.91563,1,1,0,0
13.3874,-4.80124,1,1,0,0
14.4827,-4.53414,1,1,0,0
13.3659,-5.79453,1,1,0,0
12.4726,-6.52247,1,1,0,0
12.7473,-6.16642,1,1,0,0
13.0716,-4.36846,1,1,0,0
12.3708,-6.9041,1,1,0,0
15.1499,-4.90235,1,1,0,0
13.4045,-6.40251,1,1,0,0
11.7545,-5.6283,1,1,0,0
11.8039,-3.5722,1,1,0,0
12.1906,-6.76088,1,1,0,0
9.75043,-3.84546,1,1,0,0
12.0385,-5.44105,1,1,0,0
9.74669,-3.46665,1,1,0,0
10.3393,-2.65997,1,1,0,0
11.7237,-1.9546,1,1,0,0
12.6348,-3.06037,1,1,0,0
11.468,-1.1468,1,1,0,0
12.6004,-2.79824,1,1,0,0
13.6366,-2.8631,1,1,0,0
9.81007,-1.85419,1,1,0,0
12.9975,-1.03953,1,1,0,0
14.1492,-0.980417,1,1,0,0
14.6945,1.43958,1,1,0,0
12.3916,0.200049,1,1,0,0
12.5348,-9.51573,1,1,0,0
14.093,-8.67354,1,1,0,0
-5.2737,-8.20012,1,0,0,1
-6.97293,-7.06602,1,0,0,1
-5.95663,-8.58721,1,0,0,1
-4.20833,-7.34672,1,0,0,1
-6.32611,-8.30303,1,0,0,1
-7.58855,-8.86321,1,0,0,1
-8.50377,-7.73652,1,0,0,1
-6.16845,-6.60532,1,0,0,1
-7.73739,-8.45762,1,0,0,1
-7.95639,-6.27271,1,0,0,1
-8.12975,-5.41722,1,0,0,1
-7.39762,-5.80791,1,0,0,1
-6.78158,-4.50476,1,0,0,1
-7.04264,-6.49664,1,0,0,1
-6.16601,-6.42079,1,0,0,1
-6.25123,-6.01396,1,0,0,1
-5.50547,-6.24684,1,0,0,1
-7.00886,-4.53575,1,0,0,1
-7.45667,-5.8197,1,0,0,1
-11.0598,-4.14546,1,0,0,1
-9.1213,-5.90083,1,0,0,1
-8.04495,-3.87726,1,0,0,1
-8.15733,-3.03665,1,0,0,1
-7.16574,-3.00583,1,0,0,1
-9.2197,-3.82665,1,0,0,1
-9.70518,-1.31838,1,0,0,1
-9.78027,-4.60608,1,0,0,1
-9.88281,-4.9068,1,0,0,1
-12.366,-3.00328,1,0,0,1
-10.9319,-3.30935,1,0,0,1
-8.93419,8.75745,1,0,1,0
-10.2403,9.01681,1,0,1,0
-9.61444,7.7631,1,0,1,0
-9.57272,6.35366,1,0,1,0
-10.974,7.339,1,0,1,0
-10.8104,7.01865,1,0,1,0
-11.3047,9.65055,1,0,1,0
-10.7582,10.1711,1,0,1,0
-14.0931,7.71849,1,0,1,0
-12.3747,9.42518,1,0,1,0
-11.9825,9.93996,1,0,1,0
-13.1016,10.7031,1,0,1,0
-14.9891,8.48448,1,0,1,0
-11.9258,9.04688,1,0,1,0
-15.2095,9.52879,1,0,1,0
-12.7186,9.14499,1,0,1,0
-11.4416,8.50434,1,0,1,0
-11.9176,11.0093,1,0,1,0
-12.7923,8.90577,1,0,1,0
-15.5885,8.32145,1,0,1,0
-13.0644,8.18529,1,0,1,0
-12.3014,7.90864,1,0,1,0
-11.0213,7.65812,1,0,1,0
-12.6122,7.86161,1,0,1,0
-12.183,7.6835,1,0,1,0
-12.3914,7.41825,1,0,1,0
-9.82182,9.33448,1,0,1,0
-10.1983,4.60564,1,0,1,0
-8.71016,9.87488,1,0,1,0
-9.40746,8.64189,1,0,1,0
-9.00569,8.11023,1,0,1,0
-6.94746,10.2689,1,0,1,0
-4.78011,7.47345,1,0,1,0
-8.04086,10.9232,1,0,1,0
-5.11094,10.6219,1,0,1,0
-6.54237,8.90829,1,0,1,0
-3.75757,10.9783,1,0,1,0
-3.40671,8.1452,1,0,1,0
-3.24422,10.2804,1,0,1,0
-3.18104,8.31089,1,0,1,0
-0.355209,8.02101,1,0,1,0
0.281142,9.46176,1,0,1,0
-1.42623,9.58075,1,0,1,0
-2.25811,9.24052,1,0,1,0
-1.18919,10.0696,1,0,1,0
-0.00827527,8.61592,1,0,1,0
-0.0872202,9.10483,1,0,1,0
-1.54428,7.85913,1,0,1,0
-0.667469,7.27432,1,0,1,0
-0.519424,6.18657,1,0,1,0
-0.64026,7.26631,1,0,1,0
-0.887475,5.53309,1,0,1,0
-4.29293,5.78126,1,0,1,0
-3.16848,6.09202,1,0,1,0
-7.07506,5.75322,1,0,1,0
-8.10566,5.41252,1,0,1,0
-10.811,6.96349,1,0,1,0
-10.6065,6.74483,1,0,1,0
-11.4697,7.01852,1,0,1,0
-10.4016,6.57745,1,0,1,0
-11.2111,6.54317,1,0,1,0
-10.4306,7.077,1,0,1,0
-12.6669,6.84838,1,0,1,0
-12.0862,7.09061,1,0,1,0
-12.6421,8.25349,1,0,1,0
-11.9331,6.56925,1,0,1,0
-13.276,7.48305,1,0,1,0
-11.4115,8.52674,1,0,1,0
-11.9792,6.54897,1,0,1,0
-11.037,5.52784,1,0,1,0
-12.2831,10.287,1,0,1,0
-13.4965,8.63943,1,0,1,0
3.60712,8.94298,1,1,0,0
4.74865,9.54408,1,1,0,0
5.35101,9.89939,1,1,0,0
4.04225,10.533,1,0,1,0
-0.553138,5.16618,1,0,1,0
-0.520892,5.72966,1,0,1,0
-0.363316,4.83226,1,0,1,0
0.0672819,4.79371,1,0,1,0
-4.16305,7.38553,1,0,1,0
-5.0258,5.6248,1,0,1,0
-3.09853,5.44499,1,0,1,0
-3.28934,3.89288,1,0,1,0
-3.08274,3.04363,1,0,1,0
-2.9559,5.76815,1,0,1,0
-1.52898,3.80376,1,0,1,0
-3.34613,6.60134,1,0,1,0
-0.714251,6.13757,1,0,1,0
-2.11144,7.18222,1,0,1,0
-5.26518,6.49126,1,0,1,0
-4.90812,5.55322,1,0,1,0
-8.89993,2.91133,1,0,1,0
-7.11419,5.95838,1,0,1,0
-7.31791,5.45037,1,0,1,0
-10.6289,6.30773,1,0,1,0
-8.19853,5.44855,1,0,1,0
-8.85123,6.89079,1,0,1,0
-8.41653,5.49086,1,0,1,0
-8.28028,8.60635,1,0,1,0
-6.62656,9.02065,1,0,1,0
-8.08958,8.09524,1,0,1,0
-4.72193,8.49582,1,0,1,0
-6.51909,7.5376,1,0,1,0
-5.7399,10.7486,1,0,1,0
-5.88239,8.75014,1,0,1,0
-5.47483,10.06,1,0,1,0
-4.81747,10.644,1,0,1,0
-4.8599,9.22387,1,0,1,0
-2.31765,8.02874,1,0,1,0
-3.36549,8.25899,1,0,1,0
-3.19932,6.27536,1,0,1,0
-4.94915,6.36006,1,0,1,0
-2.83591,6.18612,1,0,1,0
-3.52798,5.79751,1,0,1,0
-4.51937,6.31705,1,0,1,0
-5.73211,8.12963,1,0,1,0
-5.56257,8.60335,1,0,1,0
-5.7886,9.24209,1,0,1,0
-6.2412,8.10007,1,0,1,0
-7.08442,8.36629,1,0,1,0
-6.56893,9.72225,1,0,1,0
-7.63895,11.4001,1,0,1,0
-8.48169,11.7965,1,0,1,0
-8.38541,8.6353,1,0,1,0
-8.36131,9.70855,1,0,1,0
-8.47798,9.70822,1,0,1,0
-10.0097,8.83355,1,0,1,0
-13.2917,9.27809,1,0,1,0
-10.6809,7.62936,1,0,1,0
-10.3726,9.1967,1,0,1,0
-11.7924,9.32133,1,0,1,0
-12.7754,10.2269,1,0,1,0
-13.0905,9.74462,1,0,1,0
-11.8267,9.61466,1,0,1,0
-12.7786,8.3033,1,0,1,0
-14.1984,9.49032,1,0,1,0
-11.6928,11.7019,1,0,1,0
-13.0938,9.81578,1,0,1,0
-13.7392,9.83922,1,0,1,0
-13.3789,10.5066,1,0,1,0
-11.2019,9.12224,1,0,1,0
7.11984,-0.185903,1,1,0,0
6.55939,-2.11107,1,1,0,0
6.74975,-0.133351,1,1,0,0
8.27313,0.652087,1,1,0,0
6.70678,-0.476404,1,1,0,0
6.26115,0.0640776,1,1,0,0
7.4319,-0.627231,1,1,0,0
5.81638,0.760614,1,1,0,0
5.44356,0.049536,1,1,0,0
8.41309,0.0745421,1,1,0,0
9.79368,-0.575558,1,1,0,0
7.67665,0.69075,1,1,0,0
10.9265,0.613319,1,1,0,0
10.9216,2.09118,1,1,0,0
10.945,1.38834,1,1,0,0
13.633,-0.237946,1,1,0,0
11.525,1.14257,1,1,0,0
11.9763,-0.117281,1,1,0,0
13.8582,-0.966246,1,1,0,0
11.6306,1.42929,1,1,0,0
11.1745,-1.0129,1,1,0,0
13.1358,-0.582498,1,1,0,0
12.2144,-3.43421,1,1,0,0
13.2647,-3.52578,1,1,0,0
12.3166,-3.37598,1,1,0,0
11.1066,-4.50465,1,1,0,0
10.9293,-8.872,1,1,0,0
10.1573,-7.30465,1,1,0,0
6.78339,-10.2481,1,1,0,0
6.91759,-7.05727,1,1,0,0
5.02967,-6.27037,1,1,0,0
2.24169,-6.14169,1,1,0,0
-1.47499,-0.265959,1,0,1,0
-2.04485,0.566963,1,0,1,0
1.33809,0.228874,1,1,0,0
1.49455,0.419639,1,1,0,0
1.72223,8.8914,1,0,1,0
1.21409,3.70478,1,1,0,0
-9.76633,7.4625,1,0,1,0
-9.60459,7.73223,1,0,1,0
-9.97497,8.74673,1,0,1,0
-10.3977,10.0322,1,0,1,0
-12.6324,8.08036,1,0,1,0
-10.3188,7.03022,1,0,1,0
-13.0089,9.64098,1,0,1,0
-10.2974,7.39243,1,0,1,0
-13.0085,9.58552,1,0,1,0
-11.5658,7.60701,1,0,1,0
-13.1746,8.65023,1,0,1,0
-13.613,9.7249,1,0,1,0
-11.5725,10.1298,1,0,1,0
-12.5935,9.8961,1,0,1,0
-9.88654,12.6197,1,0,1,0
-8.50146,11.4284,1,0,1,0
-9.12069,10.5078,1,0,1,0
-6.90142,11.0985,1,0,1,0
-6.78827,12.4363,1,0,1,0
-5.93581,10.9962,1,0,1,0
-1.19313,10.9192,1,0,1,0
-4.20475,11.5751,1,0,1,0
-2.989,13.052,1,0,1,0
-1.80034,10.2605,1,0,1,0
-2.73798,11.1976,1,0,1,0
-3.05006,12.1501,1,0,1,0
-5.06357,8.61903,1,0,1,0
-4.61207,9.14314,1,0,1,0
-7.41553,7.883,1,0,1,0
-5.14708,7.53518,1,0,1,0
-6.76314,8.28676,1,0,1,0
-7.16931,9.1448,1,0,1,0
-9.73234,7.59159,1,0,1,0
-8.62389,6.82462,1,0,1,0
-8.36431,9.62201,1,0,1,0
-9.32343,10.7479,1,0,1,0
-8.58136,9.36446,1,0,1,0
-5.95744,11.6735,1,0,1,0
5.73821,3.37709,1,1,0,0
6.22066,3.25673,1,1,0,0
7.50449,1.70802,1,1,0,0
5.22562,1.06003,1,1,0,0
8.45548,0.379291,1,1,0,0
8.37729,0.688849,1,1,0,0
10.4993,-0.294177,1,1,0,0
8.60834,0.943638,1,1,0,0
14.0366,0.228951,1,1,0,0
9.80076,-0.0635441,1,1,0,0
11.8666,-2.76547,1,1,0,0
10.3732,-1.12483,1,1,0,0
11.1528,-0.316387,1,1,0,0
10.7128,-1.85153,1,1,0,0
11.3379,-2.13977,1,1,0,0
12.8938,-3.81465,1,1,0,0
9.80519,-1.41842,1,1,0,0
11.4014,-1.9959,1,1,0,0
11.7742,-1.54289,1,1,0,0
11.8053,-2.94156,1,1,0,0
10.2663,-0.887195,1,1,0,0
13.4059,-2.20445,1,1,0,0
10.5412,-0.54045,1,1,0,0
9.72088,-0.179418,1,1,0,0
11.8092,0.210018,1,1,0,0
14.0871,-1.39249,1,1,0,0
14.9452,-0.101426,1,1,0,0
14.3323,0.128707,1,1,0,0
14.1162,-1.2281,1,1,0,0
14.5904,-1.45306,1,1,0,0
13.6632,-1.70624,1,1,0,0
12.3603,-2.67088,1,1,0,0
7.47995,-2.18345,1,1,0,0
9.55069,-2.63406,1,1,0,0
9.09304,0.425961,1,1,0,0
8.90953,-1.03406,1,1,0,0
7.1378,0.0915805,1,1,0,0
11.2829,-0.962612,1,1,0,0
13.3809,0.416347,1,1,0,0
10.7874,0.617939,1,1,0,0
12.8897,0.148778,1,1,0,0
14.4136,-0.260231,1,1,0,0
13.1369,0.741822,1,1,0,0
13.6668,-1.2802,1,1,0,0
12.987,-0.208255,1,1,0,0
11.8708,-3.3774,1,1,0,0
12.2471,-3.87278,1,1,0,0
10.366,-2.18786,1,1,0,0
8.34682,-1.08853,1,1,0,0
8.5956,-3.57049,1,1,0,0
-7.54039,-9.01795,1,0,0,1
-7.42909,-8.44014,1,0,0,1
-8.30762,-9.61583,1,0,0,1
-7.28677,-8.65504,1,0,0,1
-5.76931,-9.32343,1,0,0,1
-6.23197,-7.94037,1,0,0,1
-8.59697,-11.176,1,0,0,1
-5.53605,-10.046,1,0,0,1
-7.16283,-10.0079,1,0,0,1
-8.29618,-10.7715,1,0,0,1
-8.80403,-10.7904,1,0,0,1
-10.4424,-10.7628,1,0,0,1
-11.8799,-10.0805,1,0,0,1
-9.5727,-9.64141,1,0,0,1
-12.0005,-8.72334,1,0,0,1
-13.9181,-9.27401,1,0,0,1
-13.4692,-6.74437,1,0,0,1
-13.7953,-7.88283,1,0,0,1
-12.1887,-7.09912,1,0,0,1
-12.958,-10.301,1,0,0,1
-14.1564,-6.32277,1,0,0,1
-14.1111,-7.29205,1,0,0,1
-13.9458,-8.00124,1,0,0,1
-14.0931,-6.59266,1,0,0,1
-15.7037,-5.57191,1,0,0,1
-15.1402,-6.1281,1,0,0,1
-13.9093,-4.24026,1,0,0,1
-13.5513,-5.45879,1,0,0,1
-15.3502,-4.60292,1,0,0,1
-15.604,-6.74796,1,0,0,1
-14.4408,-5.77364,1,0,0,1
-15.3449,-3.34481,1,0,0,1
-14.7235,-4.1747,1,0,0,1
-15.9759,-2.98033,1,0,0,1
-15.0599,-3.9882,1,0,0,1
-15.97,-3.169,1,0,0,1
-15.7702,-6.04416,1,0,0,1
-13.8493,-4.46023,1,0,0,1
-14.1979,-5.06968,1,0,0,1
-12.6455,-6.58469,1,0,0,1
-14.2287,-7.0998,1,0,0,1
-14.9618,-6.81047,1,0,0,1
-16.1834,-6.25721,1,0,0,1
-12.7804,-5.26922,1,0,0,1
-13.4533,-7.96437,1,0,0,1
-14.8613,-6.00552,1,0,0,1
-11.5875,10.4618,1,0,1,0
-9.65144,8.93664,1,0,1,0
-12.9106,11.0058,1,0,1,0
-12.0341,7.32789,1,0,1,0
-11.3654,9.3193,1,0,1,0
-11.1266,6.69038,1,0,1,0
-12.1506,7.50498,1,0,1,0
-12.3736,9.38528,1,0,1,0
-12.5504,8.50271,1,0,1,0
-14.2849,10.6139,1,0,1,0
-12.4866,12.4631,1,0,1,0
-14.4514,10.058,1,0,1,0
-15.4274,11.9893,1,0,1,0
-12.8007,11.0448,1,0,1,0
-13.7382,8.79982,1,0,1,0
-12.0516,9.75859,1,0,1,0
-13.1095,9.91768,1,0,1,0
-12.8628,10.4651,1,0,1,0
-11.7234,8.50603,1,0,1,0
-11.3042,10.3242,1,0,1,0
-8.44463,12.3262,1,0,1,0
-9.18797,13.6585,1,0,1,0
-4.63245,11.7373,1,0,1,0
-4.6618,11.3246,1,0,1,0
-5.81427,11.1092,1,0,1,0
-3.41252,13.8962,1,0,1,0
-3.27464,12.7326,1,0,1,0
-3.11052,11.616,1,0,1,0
-2.30239,11.099,1,0,1,0
-3.28106,11.7768,1,0,1,0
-3.1414,11.9907,1,0,1,0
-4.99594,10.6133,1,0,1,0
-3.2116,11.4763,1,0,1,0
-3.92687,12.8358,1,0,1,0
10.5558,2.02474,1,1,0,0
10.5728,1.79841,1,1,0,0
10.4538,0.228795,1,1,0,0
10.7993,0.268874,1,1,0,0
8.53168,1.46847,1,1,0,0
9.32358,0.817794,1,1,0,0
10.7696,1.37571,1,1,0,0
11.4852,2.98288,1,1,0,0
12.835,0.769002,1,1,0,0
13.3286,2.67273,1,1,0,0
12.8683,2.1784,1,1,0,0
12.1295,1.39732,1,1,0,0
14.7379,2.71222,1,1,0,0
13.8394,2.53915,1,1,0,0
12.9939,1.32857,1,1,0,0
13.0269,2.67258,1,1,0,0
12.6264,3.03482,1,1,0,0
10.7363,2.68735,1,1,0,0
13.998,2.84472,1,1,0,0
10.7157,3.19232,1,1,0,0
11.781,3.32155,1,1,0,0
10.8027,2.85559,1,1,0,0
9.60434,0.724666,1,1,0,0
10.8684,3.16609,1,1,0,0
8.64629,1.25901,1,1,0,0
7.38518,2.19717,1,1,0,0
8.35059,0.957454,1,1,0,0
7.37842,-0.412812,1,1,0,0
7.17573,-0.447153,1,1,0,0
7.91931,-1.2552,1,1,0,0
10.4357,-3.23022,1,1,0,0
9.45105,-0.112872,1,1,0,0
13.5284,-2.65339,1,1,0,0
10.9565,-3.8932,1,1,0,0
14.2114,-3.35002,1,1,0,0
11.6354,-2.82772,1,1,0,0
11.9138,-2.08234,1,1,0,0
13.6927,-2.16673,1,1,0,0
13.8695,-0.70453,1,1,0,0
13.5857,-1.49481,1,1,0,0
15.2119,-2.82851,1,1,0,0
14.5261,-2.55716,1,1,0,0
13.6586,-3.97888,1,1,0,0
14.7812,-3.64275,1,1,0,0
14.3599,-6.55376,1,1,0,0
11.6427,-4.11999,1,1,0,0
-7.12608,-8.84066,1,0,0,1
-6.1819,-7.36516,1,0,0,1
-7.51747,-6.61229,1,0,0,1
-7.35947,-7.7409,1,0,0,1
-7.35007,-7.27482,1,0,0,1
-8.38538,-6.7315,1,0,0,1
-7.81809,-7.16023,1,0,0,1
-10.9563,-7.74327,1,0,0,1
-10.6345,-7.47517,1,0,0,1
-10.5019,-8.39683,1,0,0,1
-11.7115,-6.75681,1,0,0,1
-8.76177,-9.6917,1,0,0,1
-10.7393,-8.78404,1,0,0,1
-10.5854,-7.45526,1,0,0,1
-9.79442,-6.14607,1,0,0,1
-10.5187,-7.83729,1,0,0,1
-10.9661,-6.23953,1,0,0,1
-11.701,-5.00151,1,0,0,1
-10.4723,-6.3481,1,0,0,1
-10.1807,-4.76013,1,0,0,1
-10.7432,-6.14441,1,0,0,1
-12.8947,-3.79561,1,0,0,1
-13.2437,-6.3403,1,0,0,1
-11.2187,-2.69644,1,0,0,1
-12.8027,-5.41213,1,0,0,1
-12.2378,-7.02589,1,0,0,1
-15.2779,-4.42531,1,0,0,1
-12.8564,-5.12169,1,0,0,1
-13.1319,-4.12552,1,0,0,1
-15.0498,-3.37483,1,0,0,1
-14.8655,-4.69182,1,0,0,1
-11.8892,-5.26271,1,0,0,1
-14.2027,-5.3352,1,0,0,1
-15.5451,-6.91035,1,0,0,1
-12.9535,-7.08785,1,0,0,1
-14.1921,-7.83781,1,0,0,1
-13.5198,-9.44412,1,0,0,1
-13.1655,-6.7931,1,0,0,1
-12.6812,-6.68227,1,0,0,1
-14.281,-5.42391,1,0,0,1
-13.2306,-8.53424,1,0,0,1
-13.4098,-8.68709,1,0,0,1
-14.5209,-7.57497,1,0,0,1
-14.7843,-8.85564,1,0,0,1
-15.3445,-8.60283,1,0,0,1
-15.5522,-8.93724,1,0,0,1
-11.3998,-9.58677,1,0,0,1
-10.8713,-10.0076,1,0,0,1
-7.50789,-8.19531,1,0,0,1
-8.75819,-8.50919,1,0,0,1
-6.90079,-7.17268,1,0,0,1
-6.98199,-10.7548,1,0,0,1
-5.14261,-9.15489,1,0,0,1
-6.07962,-11.0571,1,0,0,1
-9.61004,-8.62788,1,0,0,1
-7.75699,-6.15685,1,0,0,1
-6.57902,7.80831,1,0,1,0
-7.10281,6.43969,1,0,1,0
-7.04482,7.49494,1,0,1,0
-8.84869,7.54774,1,0,1,0
-7.97468,7.48668,1,0,1,0
-7.46753,7.23464,1,0,1,0
-8.4697,5.37488,1,0,1,0
-6.47582,7.13495,1,0,1,0
-5.78582,7.24476,1,0,1,0
-4.98924,7.92673,1,0,1,0
-3.91033,6.19794,1,0,1,0
-4.83323,6.50496,1,0,1,0
-3.75669,7.62907,1,0,1,0
-2.64239,7.33885,1,0,1,0
-4.27531,9.81868,1,0,1,0
-3.9646,11.302,1,0,1,0
-3.35621,6.77994,1,0,1,0
-1.91432,9.80144,1,0,1,0
-1.16304,8.52504,1,0,1,0
-5.35953,8.8211,1,0,1,0
-3.0698,8.06737,1,0,1,0
-2.88151,11.6507,1,0,1,0
-1.7336,10.4469,1,0,1,0
-3.95945,10.1145,1,0,1,0
-3.5464,10.1907,1,0,1,0
-4.79808,9.98462,1,0,1,0
-1.22446,8.64327,1,0,1,0
-3.13477,10.5399,1,0,1,0
-0.13075,6.68206,1,0,1,0
-1.80311,8.59277,1,0,1,0
-2.01431,6.34973,1,0,1,0
-1.17048,7.77382,1,0,1,0
-2.83263,6.49341,1,0,1,0
-3.10934,5.69177,1,0,1,0
-4.97015,3.75763,1,0,1,0
-4.97528,6.12334,1,0,1,0
-3.2738,2.86215,1,0,1,0
-4.60022,3.5992,1,0,1,0
-6.17595,2.83734,1,0,1,0
-5.27038,4.01122,1,0,1,0
-8.22581,1.99565,1,0,1,0
-7.17922,4.14363,1,0,1,0
-8.29919,5.99372,1,0,1,0
-8.09356,5.86643,1,0,1,0
-7.38826,5.75309,1,0,1,0
-7.9703,7.87991,1,0,1,0
-9.58563,7.39476,1,0,1,0
-7.70366,7.96755,1,0,1,0
-10.6301,9.64306,1,0,1,0
-7.57211,8.85222,1,0,1,0
-10.562,10.4152,1,0,1,0
-10.9319,9.79113,1,0,1,0
-12.9065,9.38315,1,0,1,0
-13.3824,8.76175,1,0,1,0
-14.5793,7.1416,1,0,1,0
-12.6985,8.71439,1,0,1,0
-12.4615,9.9632,1,0,1,0
-13.0046,8.10915,1,0,1,0
8.17129,-3.40356,1,1,0,0
9.55183,-3.06451,1,1,0,0
7.98357,-3.30084,1,1,0,0
7.87816,-4.59309,1,1,0,0
5.27706,-5.23089,1,1,0,0
6.31717,-3.90082,1,1,0,0
4.91483,-0.669108,1,1,0,0
3.02775,-0.973823,1,1,0,0
4.38955,-1.33852,1,1,0,0
5.42803,-0.191396,1,1,0,0
5.80761,0.0380246,1,1,0,0
4.33112,0.100369,1,1,0,0
7.15873,1.36153,1,1,0,0
8.13515,0.576001,1,1,0,0
7.93479,-2.32054,1,1,0,0
7.70367,0.250289,1,1,0,0
8.9862,-0.781463,1,1,0,0
7.1809,-1.58243,1,1,0,0
8.84443,-2.02685,1,1,0,0
7.05496,-2.75258,1,1,0,0
7.9222,-2.05223,1,1,0,0
6.61533,-3.17399,1,1,0,0
6.93251,-1.6712,1,1,0,0
8.23072,-0.918152,1,1,0,0
7.92192,-1.71645,1,1,0,0
8.39041,-2.8155,1,1,0,0
8.12711,-0.736108,1,1,0,0
10.2791,-2.68264,1,1,0,0
7.06516,-1.73551,1,1,0,0
6.91926,-2.26618,1,1,0,0
8.30827,-2.41968,1,1,0,0
6.71342,-0.333367,1,1,0,0
8.79184,-2.56207,1,1,0,0
6.64576,0.847076,1,1,0,0
7.15823,-0.199635,1,1,0,0
6.89441,0.0516679,1,1,0,0
8.7659,-1.97964,1,1,0,0
5.9931,-1.57458,1,1,0,0
7.14433,-1.69093,1,1,0,0
8.82579,-1.69248,1,1,0,0
7.34427,-4.34027,1,1,0,0
6.46183,-3.30922,1,1,0,0
7.14035,-2.85643,1,1,0,0
7.38426,-3.45638,1,1,0,0
6.45232,-4.47445,1,1,0,0
6.28118,-3.71981,1,1,0,0
4.11842,-3.78494,1,1,0,0
8.32814,-3.75912,1,1,0,0
6.11332,-5.14543,1,1,0,0
4.51363,-4.18467,1,1,0,0
7.4294,-2.62745,1,1,0,0
5.98113,-5.01255,1,1,0,0
8.41867,-5.39096,1,1,0,0
7.80779,-3.67573,1,1,0,0
8.93424,-3.8826,1,1,0,0
9.05908,-3.94336,1,1,0,0
9.2195,-3.58489,1,1,0,0
8.97741,-5.97821,1,1,0,0
8.96944,-4.61067,1,1,0,0
8.9174,-3.46462,1,1,0,0
9.32819,-5.96277,1,1,0,0
10.2992,-3.71882,1,1,0,0
8.33446,-6.07715,1,1,0,0
9.59205,-4.56547,1,1,0,0
8.18345,-6.18282,1,1,0,0
8.18009,-6.09811,1,1,0,0
9.47753,-4.2275,1,1,0,0
5.64304,-4.23738,1,1,0,0
7.81465,-4.4633,1,1,0,0
7.8864,-5.41676,1,1,0,0
8.89982,-6.26407,1,1,0,0
8.23306,-4.74435,1,1,0,0
6.68572,-7.14257,1,1,0,0
7.75051,-5.29226,1,1,0,0
9.71444,-4.78375,1,1,0,0
10.3755,-5.57059,1,1,0,0
10.9196,-7.00918,1,1,0,0
9.30483,-5.73031,1,1,0,0
11.5517,-8.45098,1,1,0,0
11.597,-6.3823,1,1,0,0
9.52211,-6.95757,1,1,0,0
11.0518,-5.37886,1,1,0,0
10.6142,-5.14628,1,1,0,0
11.1953,-7.80698,1,1,0,0
14.9788,-6.27093,1,1,0,0
11.8048,-5.94534,1,1,0,0
11.1612,-4.55661,1,1,0,0
13.5119,-6.05948,1,1,0,0
11.0675,-6.25833,1,1,0,0
12.8627,-4.35137,1,1,0,0
12.5332,-6.49412,1,1,0,0
12.0011,-6.45838,1,1,0,0
13.918,-6.1653,1,1,0,0
11.5398,-7.0259,1,1,0,0
12.0212,-7.0542,1,1,0,0
12.8716,-6.42462,1,1,0,0
13.6571,-8.07616,1,1,0,0
13.7309,-8.23672,1,1,0,0
13.1985,-6.74151,1,1,0,0
12.4888,-6.68955,1,1,0,0
12.3813,-6.07596,1,1,0,0
13.1749,-5.35622,1,1,0,0
9.79242,-7.15914,1,1,0,0
11.4106,-5.09847,1,1,0,0
9.13339,-5.10463,1,1,0,0
8.92055,-4.29644,1,1,0,0
8.29887,-5.53327,1,1,0,0
9.48588,-6.3514,1,1,0,0
8.51615,-3.86359,1,1,0,0
7.39095,-5.04069,1,1,0,0
6.07383,-5.02179,1,1,0,0
5.92901,-4.37429,1,1,0,0
5.60748,-7.05313,1,1,0,0
6.39677,-5.28962,1,1,0,0
6.53906,-5.50953,1,1,0,0
5.6272,-3.69111,1,1,0,0
8.446,-6.28422,1,1,0,0
7.33809,-6.77598,1,1,0,0
9.35883,-6.85474,1,1,0,0
8.02072,-7.05947,1,1,0,0
5.55601,-8.61441,1,1,0,0
7.10635,-6.67999,1,1,0,0
-4.83187,-0.871205,1,0,0,1
-3.80165,-1.11404,1,0,0,1
-9.47969,-1.22453,1,0,0,1
-10.683,-0.953896,1,0,0,1
-1.39491,-0.657937,1,0,1,0
-4.94485,-0.923507,1,0,0,1
-1.80455,1.54181,1,0,1,0
-2.94894,3.14403,1,0,1,0
2.79657,1.95045,1,1,0,0
2.2324,3.37031,1,1,0,0
2.28575,4.42039,1,1,0,0
4.22273,5.51011,1,1,0,0
8.0807,7.32726,1,1,0,0
6.17011,6.2219,1,1,0,0
5.43428,10.0771,1,1,0,0
6.66351,7.91679,1,1,0,0
13.9225,9.25905,1,1,0,0
10.6337,7.86007,1,1,0,0
11.1656,7.19788,1,1,0,0
11.0994,7.93159,1,1,0,0
10.8659,9.68513,1,1,0,0
10.8908,9.30894,1,1,0,0
8.64382,5.84514,1,1,0,0
9.58818,5.64176,1,1,0,0
8.56079,5.79549,1,1,0,0
8.69783,6.56295,1,1,0,0
-4.13499,-4.60981,1,0,0,1
-2.99545,-6.48381,1,0,0,1
-1.44042,-7.87103,1,0,0,1
-1.08187,-6.16196,1,0,0,1
-2.31046,-6.90967,1,0,0,1
-1.83644,-10.2229,1,0,0,1
-9.96758,-10.0266,1,0,0,1
-7.05236,-9.62446,1,0,0,1
-8.3303,-10.4086,1,0,0,1
-9.36311,-7.27451,1,0,0,1
-9.75862,-10.4161,1,0,0,1
-9.65574,-10.6953,1,0,0,1
-11.2971,7.18468,1,0,1,0
-12.2175,6.37228,1,0,1,0
-10.3894,6.08475,1,0,1,0
-11.9498,7.25227,1,0,1,0
-11.767,5.50432,1,0,1,0
-12.8205,7.99905,1,0,1,0
-14.3965,6.46135,1,0,1,0
-12.429,8.3476,1,0,1,0
-14.6776,4.351,1,0,1,0
-14.2885,4.34975,1,0,1,0
-15.0075,2.87921,1,0,1,0
-13.5441,-0.659519,1,0,0,1
-14.3017,1.87772,1,0,1,0
-12.6022,-0.381045,1,0,0,1
-6.85672,-0.854851,1,0,0,1
-7.21285,0.157598,1,0,0,1
-6.53661,-0.563078,1,0,0,1
-3.92203,1.70136,1,0,1,0
-3.34079,-1.82641,1,0,0,1
-3.95479,-1.85188,1,0,0,1
-4.61543,-0.518161,1,0,0,1
-2.83341,-2.35916,1,0,0,1
-1.85575,-2.80659,1,0,0,1
-1.44013,-2.74477,1,0,0,1
-0.335179,-8.50528,1,1,0,0
-0.150152,-8.04771,1,1,0,0
0.69128,-7.51369,1,1,0,0
0.340495,-9.06411,1,1,0,0
2.67645,-6.29546,0,1,0,0
3.55081,-6.94185,0,1,0,0
4.42106,2.95865,1,1,0,0
4.23669,2.38219,1,1,0,0
5.10229,2.78872,1,1,0,0
3.59976,3.39628,1,1,0,0
2.43917,6.44438,1,1,0,0
1.36951,4.09396,1,1,0,0
10.1299,8.50357,1,1,0,0
7.41942,8.193,1,1,0,0
12.696,10.7221,1,1,0,0
13.9382,11.1741,1,1,0,0
15.4813,10.8378,1,1,0,0
14.7433,12.3872,1,1,0,0
13.7707,7.93259,1,1,0,0
14.1756,6.0143,1,1,0,0
12.7007,8.13805,1,1,0,0
15.041,7.81896,1,1,0,0
13.7473,3.39255,1,1,0,0
13.4327,5.60071,1,1,0,0
13.9406,7.20889,1,1,0,0
13.5066,5.71835,1,1,0,0
14.0825,7.42938,1,1,0,0
11.871,8.50645,1,1,0,0
9.69347,10.7532,1,1,0,0
7.69854,11.7641,1,1,0,0
7.89603,10.8777,1,1,0,0
9.58236,9.36228,1,1,0,0
8.24829,9.9554,1,1,0,0
8.63441,9.95893,1,1,0,0
6.33969,10.5693,1,1,0,0
6.46526,10.2203,1,1,0,0
6.43354,11.321,1,1,0,0
6.6754,10.556,1,1,0,0
13.6356,-2.15487,1,1,0,0
11.8314,-2.49469,1,1,0,0
10.0141,-2.04921,1,1,0,0
11.8662,-2.41992,1,1,0,0
13.7763,-2.031,1,1,0,0
13.5136,-3.17121,1,1,0,0
13.7429,-3.08069,1,1,0,0
14.5149,-2.28918,1,1,0,0
11.692,-2.47082,1,1,0,0
14.3264,-1.8513,1,1,0,0
14.0838,-2.21295,1,1,0,0
13.6065,-1.60201,1,1,0,0
11.5973,-1.92978,1,1,0,0
11.8414,0.964844,1,1,0,0
12.1379,-0.937167,1,1,0,0
12.5271,-0.972593,1,1,0,0
11.3683,0.892661,1,1,0,0
12.6236,1.15364,1,1,0,0
9.20991,2.4803,1,1,0,0
10.4171,1.95086,1,1,0,0
8.32228,3.91423,1,1,0,0
6.6543,1.76319,1,1,0,0
8.97728,1.36216,1,1,0,0
9.21635,1.15362,1,1,0,0
6.7373,0.924806,1,1,0,0
8.02234,1.57228,1,1,0,0
7.90256,1.15181,1,1,0,0
6.93939,1.07692,1,1,0,0
8.53913,2.3053,1,1,0,0
9.70726,2.8084,1,1,0,0
13.8027,2.87144,1,1,0,0
14.2943,1.47973,1,1,0,0
14.1347,-0.746545,1,1,0,0
15.1764,-2.29627,1,1,0,0
12.2921,-2.54074,1,1,0,0
15.5607,-2.9651,1,1,0,0
13.2243,-3.51244,1,1,0,0
15.1338,-3.22429,1,1,0,0
11.9219,-3.69291,1,1,0,0
13.8673,-6.16439,1,1,0,0
9.82995,-7.755,1,1,0,0
13.4374,-6.89644,1,1,0,0
-12.3294,-6.93731,1,0,0,1
-13.6824,-6.85621,1,0,0,1
9.03558,-4.05811,1,1,0,0
8.97628,-5.18828,1,1,0,0
9.80116,-4.24568,1,1,0,0
9.65036,-4.04849,1,1,0,0
14.0105,-1.85202,1,1,0,0
14.5572,-2.64948,1,1,0,0
13.9055,-2.24182,1,1,0,0
11.0481,-0.813363,1,1,0,0
12.4516,-0.46953,1,1,0,0
13.599,-1.0053,1,1,0,0
14.311,0.326648,1,1,0,0
14.391,-0.899884,1,1,0,0
-15.2567,-6.1589,1,0,0,1
-14.0638,-5.36092,1,0,0,1
-5.42183,7.29624,1,0,0,1
1.42183,-3.29624,1,0,0,1
11.3148,9.00686,1,1,0,0
12.1878,11.3698,1,1,0,0
10.0899,10.5471,1,1,0,0
10.6898,9.52268,1,1,0,0
11.5452,9.21436,1,1,0,0
12.1064,10.3134,1,1,0,0
10.9976,7.1327,1,1,0,0
10.2226,10.3337,1,1,0,0
10.594,9.46837,1,1,0,0
9.27308,7.64,1,1,0,0
10.8853,10.7944,1,1,0,0
10.2651,8.37688,1,1,0,0
11.0871,7.08508,1,1,0,0
9.68694,10.4517,1,1,0,0
8.49766,10.3887,1,1,0,0
7.833,9.71844,1,1,0,0
7.63468,8.25346,1,1,0,0
6.44767,8.94613,1,1,0,0
6.04983,7.53635,1,1,0,0
6.68975,10.7198,1,1,0,0
-4.21813,3.98769,1,0,0,1
-2.93724,4.23602,1,0,0,1
-5.24497,5.91967,1,0,0,1
-3.26855,3.15396,1,0,0,1
-5.40058,5.76723,1,0,0,1
-1.64223,6.14484,1,0,0,1
-2.2804,5.02372,1,0,0,1
-0.499121,2.69391,1,0,0,1
-0.825131,3.22409,1,0,0,1
-2.99837,1.54151,1,0,0,1
-1.84277,4.63681,1,0,0,1
-1.7188,3.40207,1,0,0,1
0.945641,1.56809,1,0,0,1
0.0917121,2.34474,1,0,0,1
-0.729764,1.26562,1,0,0,1
-0.0122633,1.79398,1,0,0,1
-1.92243,0.0103075,1,0,0,1
-0.0918033,0.989533,1,0,0,1
-0.639968,0.169229,1,0,0,1
-0.658324,0.562276,1,0,0,1
-1.27922,2.58776,1,0,0,1
-0.778033,0.923214,1,0,0,1
1.02213,1.95405,1,0,0,1
-0.378469,-0.946918,1,0,0,1
-1.25296,-0.538096,1,0,0,1
0.687666,1.44616,1,0,0,1
-0.80139,-0.384202,1,0,0,1
-0.848237,-0.276091,1,0,0,1
2.23748,-0.39487,1,0,0,1
2.40441,2.64496,1,0,0,1
-0.377551,1.97022,1,0,0,1
0.0350474,-0.767805,1,0,0,1
1.60205,0.364782,1,0,0,1
1.29059,0.429106,1,0,0,1
1.96988,1.39304,1,0,0,1
2.31105,0.717606,1,0,0,1
3.59565,0.492845,1,0,0,1
1.14067,1.57343,1,0,0,1
2.91836,-1.39923,1,0,0,1
1.33029,-1.44585,1,0,0,1
0.213269,-2.41803,1,0,0,1
0.62507,-2.43958,1,0,0,1
-13.5407,-3.01611,1,0,1,0
-14.08,-5.39381,1,0,1,0
-12.4024,-3.75299,1,0,1,0
-15.6682,-2.99721,1,0,1,0
-14.6587,-5.80839,1,0,1,0
-14.5579,-3.82706,1,0,1,0
-15.2415,-4.70986,1,0,1,0
-12.9883,-2.51252,1,0,1,0
-13.5211,-5.07497,1,0,1,0
-12.4424,-4.74405,1,0,1,0
-15.4453,-2.69835,1,0,1,0
-13.0674,-5.13976,1,0,1,0
-12.0949,-3.40531,1,0,1,0
-13.7966,-6.01379,1,0,1,0
-11.927,-5.96271,1,0,1,0
-15.2219,-4.10243,1,0,1,0
-12.6486,-7.04397,1,0,1,0
-15.9953,-7.80093,1,0,1,0
-11.965,-4.91492,1,0,1,0
-12.0857,-4.76182,1,0,1,0
-14.2111,-7.55239,1,0,1,0
-12.9944,-5.86739,1,0,1,0
-12.9335,-7.04614,1,0,1,0
-14.1254,-8.04891,1,0,1,0
-14.661,-8.4306,1,0,1,0
-13.8598,-8.64994,1,0,1,0
-12.6184,-6.91827,1,0,1,0
-12.4622,-4.91826,1,0,1,0
-14.3228,-5.84641,1,0,1,0
7.94751,7.34635,1,1,0,0
8.77622,11.2282,1,1,0,0
8.22063,7.07721,1,1,0,0
7.30751,9.16148,1,1,0,0
5.36702,8.8924,1,1,0,0
6.09233,10.3835,1,1,0,0
8.98013,10.8227,1,1,0,0
5.59195,9.25743,1,1,0,0
6.4923,7.58442,1,1,0,0
6.62971,8.94711,1,1,0,0
8.91004,10.468,1,1,0,0
7.27667,8.29695,1,1,0,0
6.13889,9.10898,1,1,0,0
4.4265,8.54263,1,1,0,0
6.94187,7.14388,1,1,0,0
4.69492,9.63677,1,1,0,0
7.78755,7.47827,1,1,0,0
5.22629,9.08584,1,1,0,0
7.03817,8.44593,1,1,0,0
6.25571,8.7718,1,1,0,0
4.48414,7.37718,1,1,0,0
6.4765,6.9586,1,1,0,0
7.21046,10.3524,1,1,0,0
7.82138,10.9489,1,1,0,0
4.46844,8.66978,1,1,0,0
6.76443,9.42688,1,1,0,0
6.44827,8.75185,1,1,0,0
7.5057,8.09558,1,1,0,0
7.162,11.0027,1,1,0,0
6.67132,7.1927,1,1,0,0
3.89978,10.8329,1,1,0,0
3.02559,7.32942,1,0,0,1
5.7732,10.3989,1,1,0,0
3.46799,8.44126,1,1,0,0
2.91014,10.2616,1,1,0,0
5.21961,9.54498,1,1,0,0
4.19356,10.0483,1,1,0,0
3.73844,8.09764,1,1,0,0
4.06099,11.2799,1,1,0,0
3.03747,9.77278,1,1,0,0
2.93785,9.69217,1,1,0,0
4.85586,7.28667,1,1,0,0
4.97876,7.54657,1,1,0,0
6.25063,7.18784,1,1,0,0
3.92946,11.094,1,1,0,0
4.44314,10.4304,1,1,0,0
4.308,10.9908,1,1,0,0
4.98928,9.99118,1,1,0,0
6.00442,9.05279,1,1,0,0
-4.99281,6.72103,1,0,0,1
-5.34383,6.69403,1,0,0,1
-7.51829,5.59416,1,0,0,1
-4.31605,5.43615,1,0,0,1
-7.57322,3.25796,1,0,0,1
-7.52733,3.55112,1,0,0,1
-3.63774,3.0111,1,0,0,1
-6.08354,6.61582,1,0,0,1
-5.18824,5.83571,1,0,0,1
-5.87152,2.63122,1,0,0,1
-5.51505,2.68389,1,0,0,1

