-9.97789,-4.86008,1,0,1,0
-9.97084,-4.1655,1,0,1,0
-11.8241,-3.42143,1,0,1,0
-11.6712,-6.97096,1,0,1,0
-13.1696,-6.45807,1,0,1,0
-14.0347,-7.05928,1,0,1,0
-9.94799,-6.17533,1,0,1,0
-9.97113,-8.01433,1,0,1,0
-9.19116,-6.43164,1,0,1,0
-8.53236,-5.44364,1,0,1,0
-10.8518,-8.03016,1,0,1,0
-11.2573,-4.73017,1,0,1,0
-9.31345,-3.51118,1,0,1,0
-11.7095,-5.40405,1,0,1,0
-13.0609,-5.32478,1,0,1,0
-11.0222,-3.446,1,0,1,0
-11.7884,-4.41046,1,0,1,0
-10.756,-5.44848,1,0,1,0
-13.7772,-9.62066,1,0,1,0
-11.48,-5.44519,1,0,1,0
-10.0727,-5.57182,1,0,1,0
-9.9949,-6.33995,1,0,1,0
-12.6279,-7.05196,1,0,1,0
-12.8105,-6.98386,1,0,1,0
-11.8592,-6.86259,1,0,1,0
-10.6563,-6.99933,1,0,1,0
-10.0334,-9.28086,1,0,1,0
-8.42056,-10.143,1,0,1,0
-10.9885,-8.43784,1,0,1,0
-11.0398,-7.39038,1,0,1,0
-9.33411,-7.3185,1,0,1,0
-8.7861,-6.65797,1,0,1,0
-7.14768,-8.63491,1,0,1,0
-9.36137,-7.89244,1,0,1,0
-8.87974,-8.91397,1,0,1,0
-8.33706,-9.15272,1,0,1,0
-11.3537,-4.33911,1,0,1,0
-11.2001,-6.56465,1,0,1,0
-12.3697,-6.6559,1,0,1,0
-13.1878,-5.76818,1,0,1,0
-11.1366,-7.46088,1,0,1,0
-11.8133,-5.72695,1,0,1,0
-12.2511,-7.7288,1,0,1,0
-12.7808,-6.67895,1,0,1,0
-13.3666,-8.2091,1,0,1,0
-13.1401,-6.45496,1,0,1,0
-11.9892,-7.94042,1,0,1,0
-11.5462,-6.79267,1,0,1,0
-13.5684,-6.378,1,0,1,0
-12.2235,-5.3868,1,0,1,0
-12.7602,-5.66333,1,0,1,0
-13.6112,-6.54426,1,0,1,0
-11.5066,-8.12988,1,0,1,0
-13.9905,-8.97131,1,0,1,0
-11.263,-4.15464,1,0,1,0
-13.9639,-2.716,1,0,1,0
-14.3205,-3.96909,1,0,1,0
-14.7448,-4.5417,1,0,1,0
-14.7051,-3.5948,1,0,1,0
-13.1931,-5.61523,1,0,1,0
-11.4808,-4.64778,1,0,1,0
-13.272,-4.15311,1,0,1,0
-13.3606,-3.06934,1,0,1,0
-11.6251,-5.27785,1,0,1,0
-14.0052,-5.51727,1,0,1,0
-11.9577,-3.32818,1,0,1,0
-10.6172,-4.70843,1,0,1,0
-11.0336,-3.64089,1,0,1,0
-12.9937,-6.44023,1,0,1,0
-9.70127,-3.58848,1,0,1,0
-10.0395,-5.39743,1,0,1,0
-12.9644,-4.9009,1,0,1,0
-12.1369,-6.19213,1,0,1,0
-11.2399,-6.76687,1,0,1,0
-9.32961,-3.32428,1,0,1,0
-9.24914,-2.72946,1,0,1,0
-12.7163,-4.46099,1,0,1,0
-12.75,-5.46044,1,0,1,0
-5.49489,4.92697,1,0,0,1
-6.23323,4.95251,1,0,0,1
-5.08601,3.26367,1,0,0,1
-5.35243,3.71325,1,0,0,1
-5.03799,3.67334,1,0,0,1
-4.7886,3.26274,1,0,0,1
-6.16858,4.76439,1,0,0,1
-4.08377,3.24488,1,0,0,1
-3.32721,5.09652,1,0,0,1
-7.22296,3.43149,1,0,0,1
-7.46384,5.26065,1,0,0,1
-6.77179,4.51486,1,0,0,1
-5.14428,3.55983,1,0,0,1
-3.39373,4.80428,1,0,0,1
-4.30232,3.03936,1,0,0,1
-4.13952,2.69007,1,0,0,1
-5.9744,2.11281,1,0,0,1
-6.13096,3.05173,1,0,0,1
-5.54719,1.56538,1,0,0,1
-2.0768,3.70047,1,0,0,1
-5.27358,0.902184,1,0,0,1
-4.70283,1.35149,1,0,0,1
-2.57799,1.48424,1,0,0,1
-2.93778,1.36573,1,0,0,1
-1.44567,-0.224404,1,0,0,1
-1.97372,0.043347,1,0,0,1
-1.50525,-0.109615,1,0,0,1
-2.5857,-0.366193,1,0,0,1
-3.5757,2.94578,1,0,0,1
-2.66857,2.23683,1,0,0,1
-2.52824,3.0568,1,0,0,1
-3.31167,-1.00708,1,0,0,1
-3.05776,2.78918,1,0,0,1
-2.83377,1.04089,1,0,0,1
-4.13155,-0.301723,1,0,0,1
-3.36062,0.946185,1,0,0,1
-1.05565,-0.411776,1,0,0,1
-0.334201,2.53042,1,0,0,1
-0.190417,-0.974277,1,0,0,1
-3.76242,-0.274907,1,0,0,1
-0.289377,2.22915,1,0,0,1
-2.59977,0.62531,1,0,0,1
-3.25948,1.2426,1,0,0,1
-1.08143,1.0919,1,0,0,1
-1.88894,0.0218273,1,0,0,1
-0.623606,0.316978,1,0,0,1
-0.361442,1.87533,1,0,0,1
-1.69182,-0.329455,1,0,0,1
0.417389,-1.65878,1,0,0,1
0.287437,0.555719,1,0,0,1
0.5504,-1.72621,1,0,0,1
-2.9015,-1.32133,1,0,0,1
-1.76638,-1.42588,1,0,0,1
-0.414726,2.0086,1,0,0,1
0.395228,0.0322684,1,0,0,1
0.838022,-0.24732,1,0,0,1
-0.00140962,-0.302785,1,0,0,1
1.28959,1.00005,1,0,0,1
-1.44232,-1.91621,1,0,0,1
0.198638,-1.71922,1,0,0,1
0.684314,-0.658296,1,0,0,1
-1.15243,1.46296,1,0,0,1
-0.133835,0.552767,1,0,0,1
0.781412,0.837809,1,0,0,1
-2.30244,0.769441,1,0,0,1
-1.60201,0.693093,1,0,0,1
-0.950455,0.607541,1,0,0,1
-1.18322,-2.44732,1,0,0,1
0.609628,-0.405204,1,0,0,1
-0.43291,-1.49935,1,0,0,1
-0.0934664,0.918387,1,0,0,1
0.687573,0.973852,1,0,0,1
-1.16005,-2.80012,1,0,0,1
0.172448,-0.0765871,1,0,0,1
1.01241,-2.30385,1,0,0,1
-0.0520741,-0.041073,1,0,0,1
0.368506,0.29837,1,0,0,1
0.451372,-1.22154,1,0,0,1
-1.47646,0.035741,1,0,0,1
-1.2679,0.236188,1,0,0,1
1.22778,-0.385903,1,0,0,1
-0.676001,-2.29714,1,0,0,1
2.22417,-0.818854,1,0,0,1
-0.753812,-1.27202,1,0,0,1
1.96249,-2.05503,1,0,0,1
0.646486,-2.84831,1,0,0,1
-0.532788,-1.13938,1,0,0,1
1.70392,-1.53416,1,0,0,1
1.0922,0.023797,1,0,0,1
0.723099,-1.81095,1,0,0,1
2.27454,-0.885744,1,0,0,1
-0.572559,-2.0456,1,0,0,1
2.68035,-2.81254,1,0,0,1
0.548455,-2.90897,1,0,0,1
1.02823,-2.54293,1,0,0,1
0.856376,-2.92959,1,0,0,1
-0.648043,-2.88271,1,0,0,1
1.77235,-2.46001,1,0,0,1
-0.576482,-1.36666,1,0,0,1
-0.370848,-0.10811,1,0,0,1
2.31504,-1.96002,1,0,0,1
3.29214,-1.86917,1,0,0,1
7.53665,8.63732,1,1,0,0
6.41431,7.59824,1,1,0,0
7.09852,8.77219,1,1,0,0
6.8716,10.2944,1,1,0,0
8.6022,7.2427,1,1,0,0
4.82004,6.61569,1,1,0,0
5.45565,9.27182,1,1,0,0
4.7753,7.33066,1,1,0,0
6.81941,7.76175,1,1,0,0
5.54729,8.45992,1,1,0,0
7.3714,8.82224,1,1,0,0
6.89137,6.93003,1,1,0,0
9.39582,6.30847,1,1,0,0
7.69116,6.78345,1,1,0,0
7.61534,8.15027,1,1,0,0
8.92669,7.98175,1,1,0,0
6.75343,7.90726,1,1,0,0
6.67762,8.49331,1,1,0,0
10.725,8.21417,1,1,0,0
8.8525,8.88774,1,1,0,0
8.8799,8.07451,1,1,0,0
10.2128,6.7041,1,1,0,0
9.84237,6.73669,1,1,0,0
8.25635,6.53704,1,1,0,0
11.7265,6.04083,1,1,0,0
11.7091,6.59641,1,1,0,0
10.8991,7.08975,1,1,0,0
9.29504,6.57753,1,1,0,0
11.1257,7.22156,1,1,0,0
11.791,7.34141,1,1,0,0
10.8141,5.97588,1,1,0,0
9.4486,8.73918,1,1,0,0
12.1747,8.45586,1,1,0,0
11.142,7.7392,1,1,0,0
11.9669,8.61401,1,1,0,0
8.61382,8.86594,1,1,0,0
11.884,9.76433,1,1,0,0
12.7971,7.44236,1,1,0,0
10.5844,6.60306,1,1,0,0
11.7658,6.80364,1,1,0,0
12.2353,7.1234,1,1,0,0
9.67363,6.23622,1,1,0,0
13.143,7.48278,1,1,0,0
13.5653,6.2245,1,1,0,0
10.6331,8.63213,1,1,0,0
12.5777,6.74271,1,1,0,0
10.2214,10.1367,1,1,0,0
9.67515,6.80855,1,1,0,0
13.5956,8.12656,1,1,0,0
13.4434,6.93664,1,1,0,0
14.1933,7.59598,1,1,0,0
12.4308,6.62872,1,1,0,0
14.2576,9.09634,1,1,0,0
11.0817,7.80547,1,1,0,0
12.0327,9.97261,1,1,0,0
11.3155,9.13983,1,1,0,0
13.8554,8.29348,1,1,0,0
11.0897,6.59893,1,1,0,0
11.0499,7.88993,1,1,0,0
14.4815,9.10684,1,1,0,0
11.4886,6.95154,1,1,0,0
10.6694,6.5702,1,1,0,0
11.62,9.34919,1,1,0,0
11.7486,9.26965,1,1,0,0
13.5269,6.20043,1,1,0,0
12.4755,8.54567,1,1,0,0
11.9171,8.06282,1,1,0,0
14.0451,10.2562,1,1,0,0
11.1247,7.26861,1,1,0,0
10.8754,7.13121,1,1,0,0
12.286,6.54516,1,1,0,0
12.5326,7.17164,1,1,0,0
9.80555,9.35172,1,1,0,0
9.90038,10.6132,1,1,0,0
11.1273,6.97575,1,1,0,0
12.57,7.79536,1,1,0,0
10.7642,7.82968,1,1,0,0
11.0476,6.64548,1,1,0,0
10.4814,10.645,1,1,0,0
10.1568,10.259,1,1,0,0
11.45,8.44086,1,1,0,0
9.44948,7.03693,1,1,0,0
12.3483,10.409,1,1,0,0
11.5868,9.11177,1,1,0,0
12.1067,7.82231,1,1,0,0
10.5215,6.5889,1,1,0,0
9.03761,9.01541,1,1,0,0
10.0835,7.64447,1,1,0,0
10.04,8.3763,1,1,0,0
11.0986,6.78416,1,1,0,0
7.71421,9.56298,1,1,0,0
9.53672,10.5536,1,1,0,0
10.6311,7.01901,1,1,0,0
8.23189,6.87084,1,1,0,0
8.45441,8.62166,1,1,0,0
7.94751,7.34635,1,1,0,0
8.77622,11.2282,1,1,0,0
8.22063,7.07721,1,1,0,0
7.30751,9.16148,1,1,0,0
5.36702,8.8924,1,1,0,0
6.09233,10.3835,1,1,0,0
8.98013,10.8227,1,1,0,0
5.59195,9.25743,1,1,0,0
6.4923,7.58442,1,1,0,0
6.62971,8.94711,1,1,0,0
8.91004,10.468,1,1,0,0
7.27667,8.29695,1,1,0,0
6.13889,9.10898,1,1,0,0
4.4265,8.54263,1,1,0,0
6.94187,7.14388,1,1,0,0
4.69492,9.63677,1,1,0,0
7.78755,7.47827,1,1,0,0
5.22629,9.08584,1,1,0,0
7.03817,8.44593,1,1,0,0
6.25571,8.7718,1,1,0,0
4.48414,7.37718,1,1,0,0
6.4765,6.9586,1,1,0,0
7.21046,10.3524,1,1,0,0
7.82138,10.9489,1,1,0,0
4.46844,8.66978,1,1,0,0
6.76443,9.42688,1,1,0,0
6.44827,8.75185,1,1,0,0
7.5057,8.09558,1,1,0,0
7.162,11.0027,1,1,0,0
6.67132,7.1927,1,1,0,0
3.89978,10.8329,1,1,0,0
3.02559,7.32942,1,0,0,1
5.7732,10.3989,1,1,0,0
3.46799,8.44126,1,1,0,0
2.91014,10.2616,1,1,0,0
5.21961,9.54498,1,1,0,0
4.19356,10.0483,1,1,0,0
3.73844,8.09764,1,1,0,0
4.06099,11.2799,1,1,0,0
3.03747,9.77278,1,1,0,0
2.93785,9.69217,1,1,0,0
4.85586,7.28667,1,1,0,0
4.97876,7.54657,1,1,0,0
6.25063,7.18784,1,1,0,0
3.92946,11.094,1,1,0,0
4.44314,10.4304,1,1,0,0
4.308,10.9908,1,1,0,0
4.98928,9.99118,1,1,0,0
6.00442,9.05279,1,1,0,0
-4.99281,6.72103,1,0,0,1
-5.34383,6.69403,1,0,0,1
-7.51829,5.59416,1,0,0,1
-4.31605,5.43615,1,0,0,1
-7.57322,3.25796,1,0,0,1
-7.52733,3.55112,1,0,0,1
-3.63774,3.0111,1,0,0,1
-6.08354,6.61582,1,0,0,1
-5.18824,5.83571,1,0,0,1
-5.87152,2.63122,1,0,0,1
-5.51505,2.68389,1,0,0,1
-6.85274,5.0306,1,0,0,1
-3.97838,6.36403,1,0,0,1
-5.15565,5.45916,1,0,0,1
-5.85369,6.86256,1,0,0,1
-4.10726,3.00804,1,0,0,1
-5.6043,5.88227,1,0,0,1
-4.95002,4.03714,1,0,0,1
-4.78664,4.36541,1,0,0,1
-4.9964,5.61917,1,0,0,1
-6.06235,4.38044,1,0,0,1
-4.93987,3.71592,1,0,0,1
-7.26011,4.42048,1,0,0,1
-3.44922,6.63524,1,0,0,1
-4.25475,4.47636,1,0,0,1
-5.24302,3.95881,1,0,0,1
-3.94603,3.94391,1,0,0,1
-5.4138,6.15801,1,0,0,1
-6.64162,4.90332,1,0,0,1
-6.19617,6.6967,1,0,0,1
-4.10531,4.40911,1,0,0,1
-3.0085,3.40487,1,0,0,1
-4.78859,4.27131,1,0,0,1
-4.75547,3.03244,1,0,0,1
-4.96509,2.69633,1,0,0,1
-2.42432,4.03136,1,0,0,1
-2.42415,5.45404,1,0,0,1
-3.81664,4.95804,1,0,0,1
-4.69331,5.39565,1,0,0,1
-5.80275,1.59819,1,0,0,1
-3.84364,5.60846,1,0,0,1
-5.8517,2.51743,1,0,0,1
-2.7751,1.75206,1,0,0,1
-2.20554,5.15953,1,0,0,1
-3.65177,4.2085,1,0,0,1
-1.05433,3.05224,1,0,0,1
-2.76844,4.84509,1,0,0,1
-2.43884,1.94585,1,0,0,1
-2.50414,4.35687,1,0,0,1
0.654334,1.42824,1,0,0,1
0.244129,0.542656,1,0,0,1
-2.14927,1.447,1,0,0,1
1.07984,2.58291,1,0,0,1
-0.36546,0.703865,1,0,0,1
-1.13413,1.03014,1,0,0,1
-2.64048,1.96481,1,0,0,1
-2.68144,2.05512,1,0,0,1
-2.15845,0.523104,1,0,0,1
-2.90876,1.65569,1,0,0,1
-0.846959,2.57865,1,0,0,1
1.37448,2.41324,1,0,0,1
0.124976,0.179591,1,0,0,1
-1.63516,-0.452344,1,0,0,1
-0.450162,2.7193,1,0,0,1
1.17323,2.25988,1,0,0,1
2.30861,0.124258,1,0,0,1
0.205049,0.859143,1,0,0,1
0.0850734,0.686095,1,0,0,1
1.08438,-0.209865,1,0,0,1
1.3943,2.68405,1,0,0,1
-1.84531,1.91312,1,0,0,1
-0.617756,-0.155464,1,0,0,1
-0.74385,0.253544,1,0,0,1
2.26193,-1.0739,1,0,0,1
2.00455,-0.542259,1,0,0,1
0.394722,0.928042,1,0,0,1
-0.905059,-0.51712,1,0,0,1
-1.40052,0.286531,1,0,0,1
1.01346,0.341385,1,0,0,1
2.26177,0.363997,1,0,0,1
-0.447928,-0.863027,1,0,0,1
0.591419,0.663937,1,0,0,1
3.154,0.825146,1,0,0,1
3.57153,1.38113,1,0,0,1
0.718164,1.8437,1,0,0,1
1.31512,-1.92556,1,0,0,1
0.380184,-1.92077,1,0,0,1
1.7893,1.86485,1,0,0,1
1.27109,-1.6062,1,0,0,1
3.69002,0.882833,1,0,0,1
1.33712,1.64183,1,0,0,1
1.52706,-1.85449,1,0,0,1
1.79188,0.318241,1,0,0,1
3.59617,0.0627274,1,0,0,1
2.99776,-1.08675,1,0,0,1
1.03505,-0.313693,1,0,0,1
1.46692,1.70639,1,0,0,1
0.95882,0.58405,1,0,0,1
2.19063,-1.6367,1,0,0,1
3.22612,1.32026,1,0,0,1
1.94337,0.790748,1,0,0,1
-0.452823,0.590701,1,0,0,1
0.530766,-0.276384,1,0,0,1
2.39864,-0.66717,1,0,0,1
-0.513236,2.72141,1,0,0,1
-0.106357,1.09097,1,0,0,1
2.50917,-1.14614,1,0,0,1
0.720971,-0.513409,1,0,0,1
-0.126467,2.12704,1,0,0,1
-2.74119,3.38519,1,0,0,1
1.10229,1.58662,1,0,0,1
-1.45152,1.67374,1,0,0,1
0.485516,0.620028,1,0,0,1
0.30808,1.47875,1,0,0,1
0.459976,-2.80075,1,0,0,1
1.42271,-3.66945,1,0,0,1
1.78104,-4.62047,1,0,0,1
1.20803,-0.643451,1,0,0,1
0.633423,-3.9779,1,0,0,1
1.23144,-4.02605,1,0,0,1
2.67411,-3.63832,1,0,0,1
1.32206,-2.61959,1,0,0,1
1.86448,-2.13237,1,0,0,1
4.13803,-3.63061,1,0,0,1
0.888444,-2.42992,1,0,0,1
3.89861,-2.50467,1,0,0,1
1.80084,-2.28905,1,0,0,1
2.19841,-2.78199,1,0,0,1
3.90375,-3.5613,1,0,0,1
2.62538,-5.06844,1,0,0,1
3.25944,-3.62328,1,0,0,1
4.18546,-4.87238,1,0,0,1
5.95558,-4.54205,1,0,0,1
3.60462,-2.64611,1,0,0,1
5.11961,-1.53414,1,0,0,1
4.32301,-1.85257,1,0,0,1
4.45921,-5.25725,1,0,0,1
3.04092,-2.62284,1,0,0,1
-12.9867,-1.7017,1,0,1,0
-15.5817,-1.0675,1,0,1,0
-13.6871,0.878177,1,0,1,0
-14.5094,0.0924832,1,0,1,0
-16.3572,-1.07482,1,0,1,0
-13.7869,1.20272,1,0,1,0
-15.1038,-1.96322,1,0,1,0
-16.0623,-0.671025,1,0,1,0
-15.4197,-3.25104,1,0,1,0
-16.8999,-1.1613,1,0,1,0
-13.4307,0.285455,1,0,1,0
-15.8563,-2.36625,1,0,1,0
-15.207,-3.55725,1,0,1,0
-16.9408,0.120761,1,0,1,0
-13.4748,-0.663338,1,0,1,0
-16.696,-2.42334,1,0,1,0
-16.8379,-0.547219,1,0,1,0
-16.6031,-1.5178,1,0,1,0
-13.9853,-3.3252,1,0,1,0
-14.3995,-1.37872,1,0,1,0
-13.5098,-1.06402,1,0,1,0
-15.0242,-1.61069,1,0,1,0
-15.1487,-3.44598,1,0,1,0
-14.3396,-1.87233,1,0,1,0
-14.446,-4.18723,1,0,1,0
-13.4375,-0.622543,1,0,1,0
-12.2191,-2.3433,1,0,1,0
-16.0539,-2.73515,1,0,1,0
-13.2845,-0.866351,1,0,1,0
-16.2098,-1.00362,1,0,1,0
-13.6576,-3.38224,1,0,1,0
-15.9137,-1.07995,1,0,1,0
-12.3435,-1.46941,1,0,1,0
-14.6444,-0.25542,1,0,1,0
-13.9988,-0.777221,1,0,1,0
-15.4409,-4.3737,1,0,1,0
-10.775,-0.308491,1,0,1,0
-12.1064,-0.717366,1,0,1,0
-9.52242,-3.22169,1,0,1,0
-12.9283,-3.42972,1,0,1,0
-13.1667,-4.30028,1,0,1,0
-9.9043,-0.305298,1,0,1,0
-12.2804,-2.97686,1,0,1,0
-13.0778,-2.15485,1,0,1,0
-11.9103,-1.10074,1,0,1,0
-9.84282,-3.49095,1,0,1,0
-13.3629,-4.03855,1,0,1,0
-12.7959,-4.06835,1,0,1,0
-10.5635,-2.38833,1,0,1,0
-11.4918,-3.47303,1,0,1,0
-9.43408,-0.408461,1,0,1,0
-12.5133,-1.31347,1,0,1,0
-11.8485,-2.84987,1,0,1,0
-12.9827,-1.06846,1,0,1,0
-12.2895,-8.18028,1,0,1,0
-10.5434,-8.8162,1,0,1,0
-11.3402,-6.49995,1,0,1,0
-10.7802,-5.43387,1,0,1,0
-11.6633,-5.39503,1,0,1,0
-12.4407,-8.41132,1,0,1,0
-13.3464,-8.42132,1,0,1,0
-12.935,-7.64441,1,0,1,0
-12.3685,-5.77747,1,0,1,0
-13.7161,-7.21784,1,0,1,0
-9.82305,-7.1641,1,0,1,0
-13.3586,-5.05269,1,0,1,0
-13.7298,-5.88148,1,0,1,0
-11.9971,-8.60049,1,0,1,0
-11.946,-5.60681,1,0,1,0
-10.3792,-6.41658,1,0,1,0
-11.1202,-6.3417,1,0,1,0
-13.6586,-4.84759,1,0,1,0
-11.9949,-8.22304,1,0,1,0
-10.6027,-6.63316,1,0,1,0
-10.1198,-5.9173,1,0,1,0
-13.0852,-5.72364,1,0,1,0
-11.2233,-5.54168,1,0,1,0
-12.2698,-7.37018,1,0,1,0
-12.2187,-8.25608,1,0,1,0
-10.9818,-7.6707,1,0,1,0
-12.8198,-6.75785,1,0,1,0
-13.396,-7.7694,1,0,1,0
-13.0787,-5.22463,1,0,1,0
-13.2189,-9.12624,1,0,1,0
-10.7109,-8.54742,1,0,1,0
-12.4148,-8.5139,1,0,1,0
-12.8057,-7.01473,1,0,1,0
-12.5577,-7.01806,1,0,1,0
-10.4484,-7.17528,1,0,1,0
-13.7693,-8.28152,1,0,1,0
-11.2121,-6.33078,1,0,1,0
-9.76135,-7.71688,1,0,1,0
-9.53656,-9.85902,1,0,1,0
-11.7374,-7.89951,1,0,1,0
-10.7983,-8.96891,1,0,1,0
-12.5467,-6.02485,1,0,1,0
-11.6211,-9.22352,1,0,1,0
-11.8321,-6.15776,1,0,1,0
-12.0037,-7.62819,1,0,1,0
-10.7152,-7.31894,1,0,1,0
-9.3456,-8.71436,1,0,1,0
-9.4947,-8.1045,1,0,1,0
-8.1669,-10.1105,1,0,1,0
-7.53483,-7.83751,1,0,1,0
-7.65693,-8.13266,1,0,1,0
-8.93184,-9.97765,1,0,1,0
-8.0831,-8.25529,1,0,1,0
-9.58027,-9.01785,1,0,1,0
-13.3289,-8.75866,1,0,1,0
-14.572,-9.85334,1,0,1,0
-15.3051,-9.32968,1,0,1,0
-11.672,-8.87465,1,0,1,0
-14.7327,-8.76691,1,0,1,0
-12.8019,-8.68896,1,0,1,0
-11.9725,-10.8685,1,0,1,0
-12.3452,-10.46,1,0,1,0
-15.5822,-9.06339,1,0,1,0
-14.421,-7.1467,1,0,1,0
-13.3911,-8.22263,1,0,1,0
-15.6363,-10.2387,1,0,1,0
-15.8276,-9.92885,1,0,1,0
-14.1087,-7.4212,1,0,1,0
-15.1888,-7.33807,1,0,1,0
-11.7164,-10.7784,1,0,1,0
-15.1608,-10.7614,1,0,1,0
-14.4551,-8.90546,1,0,1,0
-15.3782,-6.56502,1,0,1,0
-12.6292,-8.44633,1,0,1,0
-16.5536,-7.86853,1,0,1,0
-15.8688,-8.41055,1,0,1,0
-15.0022,-8.72179,1,0,1,0
-12.6595,-6.40554,1,0,1,0
-6.25833,-7.41424,1,0,1,0
-7.80764,-7.29813,1,0,1,0
-8.68737,-7.42129,1,0,1,0
-9.58705,-5.60383,1,0,1,0
-9.60341,-7.52903,1,0,1,0
-6.34837,-8.37884,1,0,1,0
-3.74988,-1.98689,1,0,0,1
-4.15077,-4.0729,1,0,0,1
5.71828,6.22901,1,1,0,0
5.04338,7.20957,1,1,0,0
1.08539,5.50084,1,0,0,1
1.15522,7.08354,1,0,0,1
-8.07412,-0.967678,1,0,1,0
-9.55905,-2.31375,1,0,1,0
-13.6046,-6.12923,1,0,1,0
-13.626,-5.72035,1,0,1,0
-15.0287,-2.72337,1,0,1,0
-12.9888,-3.92977,1,0,1,0
-13.6833,-6.9712,1,0,1,0
-15.2532,-6.60196,1,0,1,0
-14.3039,-4.59869,1,0,1,0
-14.6021,-6.84431,1,0,1,0
-11.1571,-3.66351,1,0,1,0
-12.3299,-7.1613,1,0,1,0
-13.755,-5.74122,1,0,1,0
-13.859,-3.56131,1,0,1,0
-10.7521,-6.4061,1,0,1,0
-13.6487,-3.15731,1,0,1,0
-10.6639,-1.06307,1,0,1,0
-14.1413,-1.31885,1,0,1,0
-13.1377,-0.585658,1,0,1,0
-12.387,-2.09041,1,0,1,0
-12.7358,-1.71959,1,0,1,0
-11.5296,-2.29632,1,0,1,0
-14.5412,-1.53843,1,0,1,0
-12.8797,-2.26813,1,0,1,0
-14.7153,-1.34836,1,0,1,0
-11.352,-2.20934,1,0,1,0
-12.0962,-1.87295,1,0,1,0
-14.1471,-0.785587,1,0,1,0
-11.4911,-4.1598,1,0,1,0
-11.8957,-4.04143,1,0,1,0
6.54398,11.3353,1,1,0,0
3.02545,10.2251,1,1,0,0
6.25045,9.83115,1,1,0,0
4.78348,9.73512,1,1,0,0
3.50921,7.92976,1,1,0,0
3.27458,8.21188,1,1,0,0
5.80249,8.91967,1,1,0,0
4.58185,9.47047,1,1,0,0
4.23515,9.35395,1,1,0,0
4.67981,9.92936,1,1,0,0
6.11283,10.7211,1,1,0,0
4.73523,9.53185,1,1,0,0
7.6446,8.01147,1,1,0,0
7.76844,8.32032,1,1,0,0
10.2182,8.26648,1,1,0,0
10.5178,7.46469,1,1,0,0
8.71922,7.35561,1,1,0,0
10.4059,7.26303,1,1,0,0
10.1447,9.61798,1,1,0,0
12.2514,8.92313,1,1,0,0
9.56294,8.66466,1,1,0,0
10.1028,8.50425,1,1,0,0
11.353,7.23921,1,1,0,0
9.14592,8.57438,1,1,0,0
12.4646,6.68476,1,1,0,0
10.5059,8.63217,1,1,0,0
9.01006,5.92755,1,1,0,0
11.6962,9.50887,1,1,0,0
11.3993,8.58572,1,1,0,0
8.57138,5.31791,1,1,0,0
8.10721,7.82138,1,1,0,0
7.7014,7.48911,1,1,0,0
7.77864,8.25063,1,1,0,0
7.12582,5.899,1,1,0,0
7.1701,6.48603,1,1,0,0
5.43604,6.7845,1,1,0,0
4.98732,9.66506,1,1,0,0
2.28214,7.88365,1,0,0,1
4.75714,7.65665,1,1,0,0
1.61157,8.38702,1,0,0,1
3.56525,8.79219,1,1,0,0
3.9003,8.98958,1,1,0,0
2.81034,8.45965,1,1,0,0
2.74783,8.7,1,1,0,0
2.44805,9.92676,1,1,0,0
2.2605,7.243,1,0,0,1
-0.0957288,8.48971,1,0,0,1
3.482,9.65209,1,1,0,0
0.00527996,9.4978,1,0,0,1
2.5531,11.3097,1,1,0,0
2.3922,1.41035,1,0,0,1
4.1248,-0.70944,1,0,0,1
5.25172,1.45958,1,0,0,1
1.72773,4.092,1,0,0,1
5.03789,1.49783,1,0,0,1
3.62664,2.52614,1,0,0,1
-7.34129,-5.70269,1,0,1,0
-4.85824,-6.51738,1,0,1,0
11.8044,7.89787,1,1,0,0
10.1261,10.58,1,1,0,0
9.03692,9.42935,1,1,0,0
11.5583,8.94852,1,1,0,0
-11.9608,-4.48844,1,0,1,0
-15.8816,-6.95952,1,0,1,0
-15.1896,-6.25416,1,0,1,0
-12.574,-5.84675,1,0,1,0
-15.6735,-5.77745,1,0,1,0
-12.9618,-5.11094,1,0,1,0
-15.5661,-5.63154,1,0,1,0
-12.1612,-6.1411,1,0,1,0
-11.7655,-5.56636,1,0,1,0
8.05573,9.23044,1,1,0,0
9.30031,9.98328,1,1,0,0
11.0203,10.2689,1,1,0,0
8.44877,11.5833,1,1,0,0
11.3733,10.3694,1,1,0,0
10.9878,8.49436,1,1,0,0
11.6825,12.0517,1,1,0,0
9.24098,11.9723,1,1,0,0
8.64643,9.77325,1,1,0,0
9.56582,9.63506,1,1,0,0
8.92165,12.1563,1,1,0,0
12.2166,12.4739,1,1,0,0
9.34582,12.0412,1,1,0,0
11.1107,12.5283,1,1,0,0
11.3248,9.69225,1,1,0,0
9.22744,11.1676,1,1,0,0
9.03431,10.2949,1,1,0,0
8.22773,11.5081,1,1,0,0
11.1313,9.55262,1,1,0,0
11.2577,9.05329,1,1,0,0
9.52201,10.9547,1,1,0,0
11.3224,12.2503,1,1,0,0
10.4146,10.7629,1,1,0,0
12.3405,11.2795,1,1,0,0
12.3138,10.5095,1,1,0,0
10.4698,12.0331,1,1,0,0
11.25,10.3071,1,1,0,0
12.9995,9.6169,1,1,0,0
12.4337,11.4536,1,1,0,0
14.649,12.7272,1,1,0,0
12.5274,11.7463,1,1,0,0
14.4814,13.3336,1,1,0,0
10.5095,11.0993,1,1,0,0
11.1736,12.093,1,1,0,0
13.3995,13.4382,1,1,0,0
11.7,13.1918,1,1,0,0
13.1007,10.2598,1,1,0,0
12.2741,10.9372,1,1,0,0
15.1224,11.6787,1,1,0,0
13.9075,10.3655,1,1,0,0
14.2476,9.91063,1,1,0,0
14.2466,11.4925,1,1,0,0
15.288,8.72124,1,1,0,0
12.1744,8.45815,1,1,0,0
15.2755,12.5637,1,1,0,0
12.5544,12.4118,1,1,0,0
13.6262,10.6526,1,1,0,0
12.8875,9.15345,1,1,0,0
13.816,10.8584,1,1,0,0
12.56,10.2364,1,1,0,0
14.0991,11.9399,1,1,0,0
15.2309,9.27489,1,1,0,0
14.8433,9.43596,1,1,0,0
12.2844,12.3407,1,1,0,0
12.0499,8.5989,1,1,0,0
15.5428,12.4614,1,1,0,0
12.6808,8.59531,1,1,0,0
11.9593,8.25773,1,1,0,0
13.9137,9.68174,1,1,0,0
14.3829,10.6219,1,1,0,0
12.1732,10.9016,1,1,0,0
14.3256,12.2274,1,1,0,0
13.5063,11.0354,1,1,0,0
6.20414,11.4698,1,1,0,0
8.8319,11.6987,1,1,0,0
9.09167,9.34056,1,1,0,0
6.9357,8.31917,1,1,0,0
5.07155,10.9267,1,1,0,0
5.19951,9.09528,1,1,0,0
7.28897,9.96797,1,1,0,0
6.55741,11.6001,1,1,0,0
8.69649,10.2936,1,1,0,0
-4.11967,2.06189,1,0,0,1
-5.01803,5.37679,1,0,0,1
-5.37144,1.21501,1,0,0,1
-3.97961,2.22975,1,0,0,1
-4.39434,4.74685,1,0,0,1
-2.47513,2.6377,1,0,0,1
-5.9362,4.23901,1,0,0,1
-2.0064,5.37053,1,0,0,1
-1.6603,3.86006,1,0,0,1
-5.71397,5.50384,1,0,0,1
-2.32246,1.51245,1,0,0,1
-3.11374,1.41495,1,0,0,1
-5.82889,4.336,1,0,0,1
-4.06251,2.31663,1,0,0,1
-2.44017,3.07772,1,0,0,1
-2.13279,1.23845,1,0,0,1
-5.81585,1.54451,1,0,0,1
-5.70958,5.51022,1,0,0,1
-3.98829,5.42048,1,0,0,1
-2.46624,4.85651,1,0,0,1
-4.04721,1.68102,1,0,0,1
-4.08498,4.13373,1,0,0,1
-5.00382,3.36041,1,0,0,1
-4.13327,1.55771,1,0,0,1
-4.35992,5.17082,1,0,0,1
-3.17413,2.60092,1,0,0,1
-2.80861,3.91945,1,0,0,1
-2.19938,1.83411,1,0,0,1
-2.76202,5.2215,1,0,0,1
-3.15374,2.73074,1,0,0,1
-5.49353,4.83483,1,0,0,1
-3.39276,4.56136,1,0,0,1
-4.27954,2.52789,1,0,0,1
-3.00051,3.69054,1,0,0,1
-2.16733,4.86077,1,0,0,1
-3.98492,4.33711,1,0,0,1
-2.49455,3.13311,1,0,0,1
-5.333,1.5822,1,0,0,1
-4.33861,2.93173,1,0,0,1
-1.96809,4.38953,1,0,0,1
-2.24715,2.12262,1,0,0,1
-3.47364,5.14356,1,0,0,1
-1.84346,2.93638,1,0,0,1
-3.16466,4.58,1,0,0,1
-1.70925,4.96639,1,0,0,1
-2.51354,-1.35535,1,0,0,1
0.86493,0.947329,1,0,0,1
-1.2526,-0.192041,1,0,0,1
-2.62634,0.738236,1,0,0,1
-1.85408,1.40555,1,0,0,1
-1.28692,-0.238595,1,0,0,1
-3.24457,1.6999,1,0,0,1
-1.28426,2.71664,1,0,0,1
0.111424,1.74313,1,0,0,1
-2.15883,0.474689,1,0,0,1
0.966923,2.42237,1,0,0,1
-2.82482,0.613552,1,0,0,1
-0.679751,0.349393,1,0,0,1
-2.52501,-1.13168,1,0,0,1
-2.80234,0.639622,1,0,0,1
-0.915446,2.05033,1,0,0,1
0.311578,-1.75364,1,0,0,1
-1.0426,1.18151,1,0,0,1
0.135272,0.244594,1,0,0,1
1.4985,-2.77249,1,0,0,1
-1.78022,1.05968,1,0,0,1
0.310713,1.30615,1,0,0,1
0.811632,0.19804,1,0,0,1
2.32729,-2.44954,1,0,0,1
0.175042,-0.900496,1,0,0,1
2.29656,-2.22874,1,0,0,1
0.690858,-1.12422,1,0,0,1
4.65956,4.91401,1,1,0,0
3.49678,5.63054,1,0,0,1
5.82314,3.65759,1,1,0,0
-7.1327,-1.31569,1,0,1,0
-8.80664,-3.29874,1,0,1,0
-9.26034,-1.70701,1,0,1,0
1.01006,-4.07464,1,0,0,1
0.834349,-1.45885,1,0,0,1
2.74771,-2.28298,1,0,0,1
3.88495,-0.948353,1,0,0,1
3.40797,-2.07908,1,0,0,1
1.9132,-4.16336,1,0,0,1
2.24972,-3.55324,1,0,0,1
0.0167319,-0.427881,1,0,0,1
2.63146,-0.812017,1,0,0,1
0.520045,-0.667566,1,0,0,1
0.106514,-3.54898,1,0,0,1
3.85383,-2.60899,1,0,0,1
3.5878,-0.627397,1,0,0,1
1.17366,-3.31421,1,0,0,1
1.39047,-3.43685,1,0,0,1
1.21609,-2.80186,1,0,0,1
1.34019,-1.7125,1,0,0,1
0.803091,-0.147627,1,0,0,1
0.912692,-3.08224,1,0,0,1
2.41013,-1.30216,1,0,0,1
3.86447,-2.14572,1,0,0,1
0.665292,-3.74517,1,0,0,1
2.36863,-1.77355,1,0,0,1
2.42768,-3.07134,1,0,0,1
2.56176,-1.23419,1,0,0,1
3.00402,-3.07905,1,0,0,1
2.54168,-0.252307,1,0,0,1
1.47134,-3.15074,1,0,0,1
2.67003,-2.93713,1,0,0,1
0.232741,0.0795548,1,0,0,1
2.66178,-0.82718,1,0,0,1
1.03639,-2.90973,1,0,0,1
1.9426,-1.24377,1,0,0,1
1.05781,-0.884906,1,0,0,1
1.81437,-1.40391,1,0,0,1
2.60366,-2.11925,1,0,0,1
-1.99281,2.3986,1,0,0,1
-2.31988,0.755779,1,0,0,1
-3.77422,1.54759,1,0,0,1
-2.95381,2.49689,1,0,0,1
-2.81614,3.36678,1,0,0,1
-3.6311,2.27383,1,0,0,1
1.87179,-0.992338,1,0,0,1
1.6639,-2.20659,1,0,0,1
4.93782,-1.43566,1,0,0,1
4.64932,-1.34415,1,0,0,1
2.71189,-1.45535,1,0,0,1
4.88927,-1.90971,1,0,0,1
-7.46903,4.48367,1,0,0,1
-5.02788,3.97437,1,0,0,1
-4.7455,2.81345,1,0,0,1
-3.85167,4.89255,1,0,0,1
-6.34828,6.15841,1,0,0,1
-7.65831,3.0276,1,0,0,1
-3.98016,6.8075,1,0,0,1
-5.46589,5.93442,1,0,0,1
-6.40614,5.98071,1,0,0,1
-6.61178,6.20855,1,0,0,1
-4.39981,6.32787,1,0,0,1
-5.14826,6.73461,1,0,0,1
-4.09907,5.32683,1,0,0,1
-6.92435,6.38998,1,0,0,1
-6.958,6.74818,1,0,0,1
-7.7574,4.90758,1,0,0,1
-5.47613,5.95065,1,0,0,1
-5.57004,5.04564,1,0,0,1
-6.02879,5.88175,1,0,0,1
-6.98447,5.97339,1,0,0,1
-6.72936,6.36165,1,0,0,1
-7.05976,2.90643,1,0,0,1
-5.47414,5.2973,1,0,0,1
-6.32833,6.06038,1,0,0,1
-4.8555,7.02192,1,0,0,1
-5.33501,3.47744,1,0,0,1
-5.29643,4.19091,1,0,0,1
-6.33936,5.14697,1,0,0,1
-5.38673,5.98733,1,0,0,1
-7.63302,3.04287,1,0,0,1
-14.2828,-3.43689,1,0,1,0
-15.8447,-1.90341,1,0,1,0
-15.8794,-0.162698,1,0,1,0
-15.8761,-3.12006,1,0,1,0
-12.3337,-1.28145,1,0,1,0
-14.9743,-3.37185,1,0,1,0
-12.8498,-0.930915,1,0,1,0
-15.5035,-3.68025,1,0,1,0
-15.0513,-1.16355,1,0,1,0
-15.614,-2.23824,1,0,1,0
-13.2328,-3.93905,1,0,1,0
-16.5129,-1.25728,1,0,1,0
-15.9216,-1.31023,1,0,1,0
-14.0105,-2.87803,1,0,1,0
-15.324,-2.94414,1,0,1,0
-12.3902,-3.9601,1,0,1,0
-15.6369,-3.22628,1,0,1,0
-15.4203,-3.06374,1,0,1,0
-13.7334,-3.18827,1,0,1,0
-13.6506,-3.07973,1,0,1,0
-14.267,-6.29673,1,0,1,0
-14.9979,-6.84779,1,0,1,0
-12.5388,-6.34967,1,0,1,0
-14.5578,-3.42702,1,0,1,0
-13.0743,-6.11634,1,0,1,0
-15.6696,-3.72946,1,0,1,0
-15.6457,-2.92461,1,0,1,0
-14.3519,-7.33021,1,0,1,0
-11.7383,-5.05865,1,0,1,0
-12.5699,-5.44039,1,0,1,0
-11.1969,-7.11484,1,0,1,0
-11.2131,-3.90276,1,0,1,0
-10.9041,-5.84778,1,0,1,0
-13.5762,-5.59169,1,0,1,0
-11.2788,-4.70145,1,0,1,0
-12.0776,-4.42918,1,0,1,0
-12.2695,-3.58309,1,0,1,0
-10.4825,-4.51457,1,0,1,0
-11.9911,-7.02262,1,0,1,0
-13.467,-4.34566,1,0,1,0
-10.9952,-6.42435,1,0,1,0
-11.1882,-6.34228,1,0,1,0
-11.0188,-5.3033,1,0,1,0
-10.5415,-3.6094,1,0,1,0
-10.9361,-4.30385,1,0,1,0
-12.8453,-1.37165,1,0,1,0
-10.4846,-3.98251,1,0,1,0
-12.8432,-1.76921,1,0,1,0
-11.9894,-4.70185,1,0,1,0
-11.5578,-4.83646,1,0,1,0
-9.90487,-2.03099,1,0,1,0
-9.67927,-3.20697,1,0,1,0
-11.5485,-1.64023,1,0,1,0
-11.2092,-3.65947,1,0,1,0
-9.59161,-4.0618,1,0,1,0
-9.7777,-2.5504,1,0,1,0
-11.212,-2.469,1,0,1,0
-12.1411,-6.48931,1,0,1,0
-10.4158,-6.8096,1,0,1,0
-11.2131,-4.50067,1,0,1,0
-10.1487,-8.7409,1,0,1,0
-10.5154,-8.19782,1,0,1,0
-10.2311,-8.43897,1,0,1,0
-10.5632,-8.8056,1,0,1,0
-13.8366,-8.21384,1,0,1,0
-11.062,-7.81321,1,0,1,0
-11.6683,-8.84558,1,0,1,0
-11.4727,-8.05217,1,0,1,0
-14.9241,-8.20328,1,0,1,0
-12.0583,-6.81233,1,0,1,0
-13.1033,-9.01725,1,0,1,0
-13.0368,-7.89198,1,0,1,0
5.19884,8.10981,1,1,0,0
7.90521,6.72823,1,1,0,0
6.45566,9.13452,1,1,0,0
5.05229,7.75108,1,1,0,0
8.14705,6.9304,1,1,0,0
5.4879,8.96321,1,1,0,0
6.18477,10.2387,1,1,0,0
4.33446,7.97752,1,1,0,0
4.77472,9.02085,1,1,0,0
4.23872,9.48917,1,1,0,0
6.22271,10.7874,1,1,0,0
4.25827,9.3648,1,1,0,0
7.72976,12.4602,1,1,0,0
4.02049,10.2279,1,1,0,0
4.46368,8.76862,1,1,0,0
8.24805,11.3961,1,1,0,0
6.39135,9.22666,1,1,0,0
7.5935,12.2166,1,1,0,0
7.9442,11.9798,1,1,0,0
10.3011,10.0441,1,1,0,0
8.73149,10.9934,1,1,0,0
7.22905,9.33686,1,1,0,0
7.14259,12.7693,1,1,0,0
9.56339,12.112,1,1,0,0
9.61467,12.4737,1,1,0,0
9.22215,13.0714,1,1,0,0
12.678,9.98382,1,1,0,0
10.5329,11.9173,1,1,0,0
9.95648,9.11579,1,1,0,0
12.6006,9.28804,1,1,0,0
13.1416,9.8834,1,1,0,0
10.7956,10.3289,1,1,0,0
9.44953,9.81264,1,1,0,0
11.5964,10.4355,1,1,0,0
11.5948,11.8071,1,1,0,0
13.1015,11.785,1,1,0,0
13.8707,9.90299,1,1,0,0
13.3735,8.63859,1,1,0,0
13.718,11.4584,1,1,0,0
12.627,9.30431,1,1,0,0
11.9847,10.3048,1,1,0,0
10.5674,11.7624,1,1,0,0
10.781,11.0059,1,1,0,0
10.2639,11.5145,1,1,0,0
12.5167,9.16259,1,1,0,0
11.1152,10.5213,1,1,0,0
11.0352,11.547,1,1,0,0
13.4892,8.75918,1,1,0,0
14.2752,8.96775,1,1,0,0
10.4536,11.9395,1,1,0,0
11.178,8.48439,1,1,0,0
14.6258,10.6842,1,1,0,0
13.9781,7.8234,1,1,0,0
14.5123,9.75458,1,1,0,0
12.7238,10.2172,1,1,0,0
10.3739,8.57222,1,1,0,0
13.063,9.21759,1,1,0,0
10.2541,10.9036,1,1,0,0
13.2364,8.96847,1,1,0,0
9.12413,10.2679,1,1,0,0
8.45049,10.6154,1,1,0,0
10.5143,8.80648,1,1,0,0
9.77049,8.80315,1,1,0,0
9.78549,10.8517,1,1,0,0
10.419,7.25477,1,1,0,0
9.01044,11.3761,1,1,0,0
10.2251,11.1241,1,1,0,0
7.09079,11.1722,1,1,0,0
9.99322,11.6043,1,1,0,0
7.67031,10.3779,1,1,0,0
10.6522,9.1086,1,1,0,0
7.7295,9.30519,1,1,0,0
12.5061,9.59416,1,1,0,0
11.1297,8.35888,1,1,0,0
9.18974,9.29608,1,1,0,0
14.0187,10.0627,1,1,0,0
14.0723,8.97439,1,1,0,0
14.5133,10.813,1,1,0,0
-3.75501,4.26926,1,0,0,1
-5.06317,4.49923,1,0,0,1
-6.75081,4.13931,1,0,0,1
-6.20765,2.36434,1,0,0,1
-7.75762,4.7209,1,0,0,1
-7.05626,4.82957,1,0,0,1
-7.17545,3.55322,1,0,0,1
-6.34799,3.34094,1,0,0,1
-4.95417,2.19478,1,0,0,1
-6.99152,1.91094,1,0,0,1
-7.09873,0.0964055,1,0,1,0
-9.42788,3.14621,1,0,0,1
-3.62362,6.50877,1,0,0,1
-4.19131,6.0032,1,0,0,1
-4.12002,5.34041,1,0,0,1
-5.71141,3.02655,1,0,0,1
-3.46566,3.48118,1,0,0,1
-4.54305,6.64804,1,0,0,1
-6.75011,4.20836,1,0,0,1
-5.84936,6.21949,1,0,0,1
-2.78718,4.73283,1,0,0,1
-2.5381,2.44919,1,0,0,1
-5.44345,4.41988,1,0,0,1
-5.0653,4.91002,1,0,0,1
-1.89742,5.53498,1,0,0,1
-2.93371,3.45096,1,0,0,1
-4.30957,2.93967,1,0,0,1
-1.64562,4.42529,1,0,0,1
-4.4165,1.52686,1,0,0,1
-2.22076,3.54782,1,0,0,1
-2.96724,1.80917,1,0,0,1
-3.05064,1.37502,1,0,0,1
-0.775492,3.06812,1,0,0,1
-2.53711,1.55145,1,0,0,1
-2.35422,2.55129,1,0,0,1
-3.4904,0.678766,1,0,0,1
-2.54435,1.276,1,0,0,1
-1.21078,4.38606,1,0,0,1
-2.57108,4.35014,1,0,0,1
-0.717088,2.98415,1,0,0,1
-0.585806,3.8583,1,0,0,1
0.555427,1.98284,1,0,0,1
1.48793,1.83938,1,0,0,1
-1.59221,-0.978721,1,0,0,1
1.45028,0.845922,1,0,0,1
-1.50383,0.408077,1,0,0,1
-1.42735,0.335453,1,0,0,1
-1.46872,0.345828,1,0,0,1
2.13405,-0.625244,1,0,0,1
2.07553,0.135312,1,0,0,1
1.29821,-1.21594,1,0,0,1
-0.049082,-0.0876009,1,0,0,1
1.24338,1.69913,1,0,0,1
-0.252855,0.971298,1,0,0,1
0.14784,0.817763,1,0,0,1
2.6382,1.30099,1,0,0,1
0.59489,-1.5219,1,0,0,1
1.20779,-1.43711,1,0,0,1
0.915033,0.964395,1,0,0,1
-0.133757,-1.34294,1,0,0,1
3.5478,0.00921819,1,0,0,1
3.59768,-2.08544,1,0,0,1
1.76146,-1.42863,1,0,0,1
0.48477,-2.57132,1,0,0,1
3.88652,-1.41227,1,0,0,1
3.29555,-0.421604,1,0,0,1
0.886197,1.55289,1,0,0,1
1.80025,1.84977,1,0,0,1
2.21218,-1.34475,1,0,0,1
-0.533638,2.56582,1,0,0,1
-2.38555,1.69712,1,0,0,1
-0.415924,1.75791,1,0,0,1
-3.94901,2.4689,1,0,0,1
-0.0685526,4.3957,1,0,0,1
-1.32271,4.73248,1,0,0,1
-1.54738,2.23566,1,0,0,1
-4.89845,1.14084,1,0,0,1
-0.956678,2.19136,1,0,0,1
-3.87246,5.21211,1,0,0,1
-4.08288,2.19396,1,0,0,1
-4.36566,2.21763,1,0,0,1
7.67536,8.01238,1,1,0,0
6.96601,7.10751,1,1,0,0
8.16138,7.21524,1,1,0,0
8.1983,10.2729,1,1,0,0
8.34381,10.0421,1,1,0,0
10.3184,8.05188,1,1,0,0
7.26572,8.18477,1,1,0,0
9.1562,9.99798,1,1,0,0
10.5588,7.21645,1,1,0,0
8.8324,8.17661,1,1,0,0
10.7201,8.90098,1,1,0,0
9.75523,6.62331,1,1,0,0
9.87482,8.27315,1,1,0,0
11.6702,8.48131,1,1,0,0
9.81776,7.23127,1,1,0,0
12.0158,6.70745,1,1,0,0
10.7903,9.71243,1,1,0,0
12.7672,9.76896,1,1,0,0
15.4576,7.47747,1,1,0,0
12.9063,8.36851,1,1,0,0
12.2788,10.6314,1,1,0,0
12.0785,8.69886,1,1,0,0
13.1199,8.0245,1,1,0,0
15.0093,10.4654,1,1,0,0
13.063,9.55579,1,1,0,0
14.1923,10.1687,1,1,0,0
15.5797,10.0149,1,1,0,0
14.2911,7.28863,1,1,0,0
12.245,10.4553,1,1,0,0
14.5518,9.36918,1,1,0,0
12.4098,10.7631,1,1,0,0
13.0296,9.54688,1,1,0,0
14.9782,7.54906,1,1,0,0
14.3217,10.6155,1,1,0,0
14.6537,7.8463,1,1,0,0
12.8654,10.8142,1,1,0,0
15.2261,7.66449,1,1,0,0
14.8659,6.87201,1,1,0,0
15.0391,9.67907,1,1,0,0
11.1353,9.4685,1,1,0,0
11.6537,6.13964,1,1,0,0
12.8145,9.77748,1,1,0,0
9.81094,7.8283,1,1,0,0
11.6384,8.29398,1,1,0,0
10.2504,7.9947,1,1,0,0
11.6161,7.62126,1,1,0,0
11.2368,9.44364,1,1,0,0
9.95946,8.01085,1,1,0,0
-11.7681,-3.8125,1,0,1,0
-12.9473,-4.40107,1,0,1,0
-13.4457,-3.73974,1,0,1,0
-15.8484,-1.79554,1,0,1,0
-11.9931,-1.76588,1,0,1,0
-13.8769,-1.85353,1,0,1,0
-15.8843,-1.80557,1,0,1,0
-15.1775,-1.5313,1,0,1,0
-12.8704,-3.65548,1,0,1,0
-14.9918,-0.930821,1,0,1,0
-14.1811,-3.3995,1,0,1,0
-15.5375,-3.51216,1,0,1,0
-15.1221,-1.64681,1,0,1,0
-14.8955,-1.99769,1,0,1,0
-12.331,-2.92557,1,0,1,0
-15.9023,-0.530154,1,0,1,0
-16.1723,-1.60528,1,0,1,0
-15.2703,0.0843564,1,0,1,0
-16.8727,0.23515,1,0,1,0
-13.5514,-3.59875,1,0,1,0
-13.6685,-0.296494,1,0,1,0
-15.6894,-1.0772,1,0,1,0
-13.8229,-1.54274,1,0,1,0
-15.8445,-2.43843,1,0,1,0
-15.6433,-3.1042,1,0,1,0
-13.378,-5.47818,1,0,1,0
-15.6494,-4.50827,1,0,1,0
-13.9635,-6.20937,1,0,1,0
-16.4204,-3.7496,1,0,1,0
-14.4203,-4.50257,1,0,1,0
-14.2691,-3.97506,1,0,1,0
-15.4761,-5.09289,1,0,1,0
-15.9896,-5.76951,1,0,1,0
-12.5536,-6.50003,1,0,1,0
-12.9119,-7.73105,1,0,1,0
-14.3159,-6.52664,1,0,1,0
-13.9372,-4.59213,1,0,1,0
-12.0392,-3.99597,1,0,1,0
-12.5322,-7.72786,1,0,1,0
-11.8102,-4.19026,1,0,1,0
-11.1662,-4.03983,1,0,1,0
-11.6857,-3.32556,1,0,1,0
-9.38977,-5.69178,1,0,1,0
-12.5542,-4.16083,1,0,1,0
-11.5461,-5.23423,1,0,1,0
-12.052,-2.79091,1,0,1,0
-11.1806,-5.97412,1,0,1,0
-10.4348,-4.69735,1,0,1,0
-11.5475,-6.27671,1,0,1,0
-10.0026,-2.96022,1,0,1,0
-12.0383,-3.56595,1,0,1,0
-11.6437,-7.25406,1,0,1,0
-12.3095,-7.745,1,0,1,0
-10.9557,-5.37927,1,0,1,0
-9.71816,-5.65663,1,0,1,0
-9.07904,-6.34841,1,0,1,0
-11.181,-6.55205,1,0,1,0
-9.17925,-7.23641,1,0,1,0
-10.9935,-6.00712,1,0,1,0
-8.94888,-6.28205,1,0,1,0
-8.28414,-8.79557,1,0,1,0
-8.56826,-8.8118,1,0,1,0
-9.61079,-6.87144,1,0,1,0
-8.60462,-5.51256,1,0,1,0
-9.07189,-9.24844,1,0,1,0
-8.39633,-7.32936,1,0,1,0
-10.65,-8.95124,1,0,1,0
-9.69498,-5.87749,1,0,1,0
-9.79806,-8.12471,1,0,1,0
-9.45251,-7.32326,1,0,1,0
-9.60468,-8.35702,1,0,1,0
-9.82215,-7.07201,1,0,1,0
-7.83731,-6.6564,1,0,1,0
-7.29635,-10.452,1,0,1,0
-8.5428,-7.4244,1,0,1,0
-9.28886,-9.92492,1,0,1,0
-8.91563,-9.33754,1,0,1,0
-8.75588,-10.238,1,0,1,0
-8.26055,-9.41804,1,0,1,0
-7.31883,-8.02821,1,0,1,0
-7.55652,-10.2271,1,0,1,0
-9.05204,-6.72534,1,0,1,0
-10.8962,-8.09868,1,0,1,0
-11.3162,-9.87237,1,0,1,0
3.94548,4.97871,1,0,0,1
7.22194,5.10574,1,1,0,0
6.38144,5.04562,1,1,0,0
-7.71354,-5.25907,1,0,1,0
-4.81604,-5.55489,1,0,0,1
-5.37748,-3.73397,1,0,0,1
6.92193,7.72933,1,1,0,0
7.63633,9.88464,1,1,0,0
9.74881,7.84877,1,1,0,0
9.55107,8.39744,1,1,0,0
7.45536,8.45397,1,1,0,0
8.19197,9.76559,1,1,0,0
7.44557,7.82071,1,1,0,0
10.0523,10.1919,1,1,0,0
10.4597,9.38997,1,1,0,0
7.00748,7.79477,1,1,0,0
7.17348,7.66402,1,1,0,0
9.10972,11.7028,1,1,0,0
9.80107,8.72651,1,1,0,0
8.9075,8.20671,1,1,0,0
9.32595,8.82614,1,1,0,0
7.97088,9.77549,1,1,0,0
8.71095,11.4013,1,1,0,0
9.23913,8.24879,1,1,0,0
11.6081,10.1763,1,1,0,0
11.6552,8.15024,1,1,0,0
8.95561,10.6971,1,1,0,0
8.10957,7.25732,1,1,0,0
10.7295,11.3693,1,1,0,0
8.80575,8.57838,1,1,0,0
11.637,10.4692,1,1,0,0
9.87662,7.39973,1,1,0,0
10.5313,9.94768,1,1,0,0
12.0673,7.17876,1,1,0,0
11.3148,9.00686,1,1,0,0
12.1878,11.3698,1,1,0,0
10.0899,10.5471,1,1,0,0
10.6898,9.52268,1,1,0,0
11.5452,9.21436,1,1,0,0
12.1064,10.3134,1,1,0,0
10.9976,7.1327,1,1,0,0
10.2226,10.3337,1,1,0,0
10.594,9.46837,1,1,0,0
9.27308,7.64,1,1,0,0
10.8853,10.7944,1,1,0,0
10.2651,8.37688,1,1,0,0
11.0871,7.08508,1,1,0,0
9.68694,10.4517,1,1,0,0
8.49766,10.3887,1,1,0,0
7.833,9.71844,1,1,0,0
7.63468,8.25346,1,1,0,0
6.44767,8.94613,1,1,0,0
6.04983,7.53635,1,1,0,0
6.68975,10.7198,1,1,0,0
-4.21813,3.98769,1,0,0,1
-2.93724,4.23602,1,0,0,1
-5.24497,5.91967,1,0,0,1
-3.26855,3.15396,1,0,0,1
-5.40058,5.76723,1,0,0,1
-1.64223,6.14484,1,0,0,1
-2.2804,5.02372,1,0,0,1
-0.499121,2.69391,1,0,0,1
-0.825131,3.22409,1,0,0,1
-2.99837,1.54151,1,0,0,1
-1.84277,4.63681,1,0,0,1
-1.7188,3.40207,1,0,0,1
0.945641,1.56809,1,0,0,1
0.0917121,2.34474,1,0,0,1
-0.729764,1.26562,1,0,0,1
-0.0122633,1.79398,1,0,0,1
-1.92243,0.0103075,1,0,0,1
-0.0918033,0.989533,1,0,0,1
-0.639968,0.169229,1,0,0,1
-0.658324,0.562276,1,0,0,1
-1.27922,2.58776,1,0,0,1
-0.778033,0.923214,1,0,0,1
1.02213,1.95405,1,0,0,1
-0.378469,-0.946918,1,0,0,1
-1.25296,-0.538096,1,0,0,1
0.687666,1.44616,1,0,0,1
-0.80139,-0.384202,1,0,0,1
-0.848237,-0.276091,1,0,0,1
2.23748,-0.39487,1,0,0,1
2.40441,2.64496,1,0,0,1
-0.377551,1.97022,1,0,0,1
0.0350474,-0.767805,1,0,0,1
1.60205,0.364782,1,0,0,1
1.29059,0.429106,1,0,0,1
1.96988,1.39304,1,0,0,1
2.31105,0.717606,1,0,0,1
3.59565,0.492845,1,0,0,1
1.14067,1.57343,1,0,0,1
2.91836,-1.39923,1,0,0,1
1.33029,-1.44585,1,0,0,1
0.213269,-2.41803,1,0,0,1
0.62507,-2.43958,1,0,0,1
-13.5407,-3.01611,1,0,1,0
-14.08,-5.39381,1,0,1,0
-12.4024,-3.75299,1,0,1,0
-15.6682,-2.99721,1,0,1,0
-14.6587,-5.80839,1,0,1,0
-14.5579,-3.82706,1,0,1,0
-15.2415,-4.70986,1,0,1,0
-12.9883,-2.51252,1,0,1,0
-13.5211,-5.07497,1,0,1,0
-12.4424,-4.74405,1,0,1,0
-15.4453,-2.69835,1,0,1,0
-13.0674,-5.13976,1,0,1,0
-12.0949,-3.40531,1,0,1,0
-13.7966,-6.01379,1,0,1,0
-11.927,-5.96271,1,0,1,0
-15.2219,-4.10243,1,0,1,0
-12.6486,-7.04397,1,0,1,0
-15.9953,-7.80093,1,0,1,0
-11.965,-4.91492,1,0,1,0
-12.0857,-4.76182,1,0,1,0
-14.2111,-7.55239,1,0,1,0
-12.9944,-5.86739,1,0,1,0
-12.9335,-7.04614,1,0,1,0
-14.1254,-8.04891,1,0,1,0
-14.661,-8.4306,1,0,1,0
-13.8598,-8.64994,1,0,1,0
-12.6184,-6.91827,1,0,1,0
-12.4622,-4.91826,1,0,1,0
-14.3228,-5.84641,1,0,1,0
-16.1166,-5.88591,1,0,1,0
-12.5701,-7.93144,1,0,1,0
-13.1209,-6.13992,1,0,1,0
-12.6603,-9.1171,1,0,1,0
-15.2782,-6.90121,1,0,1,0
-12.763,-5.312,1,0,1,0
-16.0112,-5.14281,1,0,1,0
-15.2096,-6.08628,1,0,1,0
-16.0349,-6.94739,1,0,1,0
-14.0205,-4.80099,1,0,1,0
-12.9663,-2.52174,1,0,1,0
-12.5682,-5.38346,1,0,1,0
-14.384,-5.96485,1,0,1,0
-12.5,-5.31043,1,0,1,0
-13.7446,-5.03097,1,0,1,0
-16.3869,-3.66774,1,0,1,0
-16.3673,-4.27482,1,0,1,0
-13.5308,-3.56787,1,0,1,0
-14.6877,-3.92606,1,0,1,0
-13.3529,-5.09202,1,0,1,0
-13.4584,-2.15687,1,0,1,0
-15.117,-3.38563,1,0,1,0
-15.5072,-6.37262,1,0,1,0
-12.6253,-6.01416,1,0,1,0
-12.4751,-3.40169,1,0,1,0
-13.8957,-4.77871,1,0,1,0
-13.2543,-6.15365,1,0,1,0
-14.9194,-4.51376,1,0,1,0
-14.3647,-6.93188,1,0,1,0
-13.8651,-5.89493,1,0,1,0
-11.8662,-5.95438,1,0,1,0
-11.248,-6.11529,1,0,1,0
-12.5052,-9.20566,1,0,1,0
-14.2004,-6.86773,1,0,1,0
-12.1848,-6.1327,1,0,1,0
-12.6542,-8.39415,1,0,1,0
-12.0164,-8.67945,1,0,1,0
-13.935,-9.3058,1,0,1,0
-13.8819,-7.14691,1,0,1,0
-14.2743,-6.58227,1,0,1,0
-15.2262,-5.23913,1,0,1,0
-15.3131,-4.44825,1,0,1,0
-11.8258,-8.3851,1,0,1,0
-12.4604,-7.01158,1,0,1,0
-11.329,-4.51031,1,0,1,0
-11.3214,-6.9891,1,0,1,0
-15.0459,-5.68653,1,0,1,0
-11.6327,-2.49919,1,0,1,0
-11.6927,-3.23846,1,0,1,0
-13.8606,-4.73972,1,0,1,0
-12.3113,-2.59545,1,0,1,0
-11.8709,-4.10778,1,0,1,0
-14.8259,-2.23281,1,0,1,0
-13.7595,-1.98714,1,0,1,0
-11.6161,-4.60639,1,0,1,0
-11.9941,-2.96727,1,0,1,0
-11.1447,-2.13489,1,0,1,0
-10.4945,-3.90752,1,0,1,0
-10.6309,-6.81292,1,0,1,0
-10.9597,-3.38789,1,0,1,0
-9.02442,-5.45767,1,0,1,0
-11.9044,-7.79871,1,0,1,0
-9.16195,-6.78331,1,0,1,0
-12.1838,-8.19415,1,0,1,0
-10.4327,-5.37797,1,0,1,0
-9.12928,-5.12511,1,0,1,0
-11.3647,-8.99613,1,0,1,0
-8.16229,-7.87716,1,0,1,0
-12.1687,-9.12613,1,0,1,0
-11.2693,-7.53559,1,0,1,0
-10.6727,-7.55594,1,0,1,0
-13.0105,-8.91717,1,0,1,0
-9.75754,-7.7508,1,0,1,0
-14.4894,-7.03724,1,0,1,0
-11.1246,-5.87432,1,0,1,0
-13.7924,-4.12962,1,0,1,0
-15.3673,-4.89265,1,0,1,0
